> 1 synthdata_0
> 2 synthdata_1
# 2 1681 1 10 
# 1 15 2 1683 
# 1 18 2 1684 
# 1 35 2 1687 
# 2 1688 1 40 
# 1 50 2 1690 
# 1 57 2 1692 
# 2 1693 1 60 
# 1 63 2 1694 
# 1 67 2 1695 
# 2 1696 1 70 
# 2 1697 1 76 
# 1 79 2 1698 
# 2 1699 1 84 
# 2 657 1 92 
# 2 659 1 94 
# 1 95 2 660 
# 1 96 2 664 
# 1 97 2 665 
# 1 98 2 666 
# 1 99 2 667 
# 1 100 2 668 
# 1 101 2 670 
# 1 102 2 671 
# 2 672 1 103 
# 2 673 1 104 
# 2 674 1 105 
# 2 675 1 106 
# 2 677 1 108 
# 2 678 1 109 
# 2 679 1 110 
# 1 111 2 680 
# 1 112 2 681 
# 1 113 2 1724 
# 1 114 2 1725 
# 1 115 2 1726 
# 1 116 2 1727 
# 2 1728 1 117 
# 2 1729 1 118 
# 2 1730 1 120 
# 2 1731 1 121 
# 2 1732 1 122 
# 2 1733 1 123 
# 2 1734 1 124 
# 2 1735 1 125 
# 2 1736 1 126 
# 1 127 2 1737 
# 1 129 2 1738 
# 1 130 2 1739 
# 1 131 2 1741 
# 1 132 2 1742 
# 1 133 2 1743 
# 2 1744 1 134 
# 2 1745 1 135 
# 2 1746 1 136 
# 1 137 2 909 
# 1 138 2 910 
# 1 139 2 911 
# 2 912 1 140 
# 2 914 1 142 
# 1 143 2 915 
# 1 144 2 916 
# 1 145 2 917 
# 1 146 2 918 
# 1 147 2 919 
# 1 148 2 920 
# 1 149 2 921 
# 1 150 2 922 
# 1 151 2 923 
# 1 152 2 924 
# 1 153 2 926 
# 1 154 2 927 
# 2 929 1 156 
# 2 930 1 157 
# 2 931 1 158 
# 1 159 2 932 
# 1 160 2 1219 
# 1 162 2 1220 
# 1 163 2 1221 
# 1 164 2 1222 
# 1 165 2 1223 
# 2 1224 1 167 
# 2 1225 1 168 
# 2 1226 1 170 
# 2 1228 1 171 
# 2 1229 1 172 
# 2 1230 1 173 
# 2 1231 1 174 
# 2 1232 1 175 
# 1 176 2 1235 
# 1 177 2 1236 
# 1 178 2 1237 
# 1 179 2 1238 
# 1 181 2 1239 
# 2 2627 1 184 
# 2 2628 1 185 
# 2 2629 1 186 
# 2 2631 1 187 
# 2 2633 1 188 
# 2 2635 1 189 
# 1 191 2 2636 
# 1 192 2 2637 
# 1 194 2 2639 
# 2 2640 1 195 
# 2 2641 1 197 
# 2 2642 1 198 
# 2 2643 1 200 
# 2 2644 1 201 
# 2 2645 1 202 
# 2 2646 1 203 
# 2 2648 1 204 
# 2 2649 1 205 
# 1 208 2 2751 
# 2 2752 1 220 
# 2 2753 1 222 
# 2 2754 1 227 
# 2 2755 1 230 
# 2 2756 1 233 
# 1 244 2 2758 
# 2 1202 1 246 
# 2 1203 1 249 
# 2 1204 1 250 
# 2 1205 1 251 
# 2 1206 1 253 
# 2 1207 1 254 
# 1 255 2 1208 
# 1 257 2 1209 
# 1 259 2 1210 
# 1 260 2 1211 
# 1 261 2 1212 
# 1 262 2 1213 
# 1 264 2 1214 
# 1 265 2 1215 
# 2 1216 1 266 
# 2 1217 1 267 
# 2 1218 1 268 
# 2 2366 1 269 
# 2 2367 1 270 
# 1 271 2 2369 
# 1 272 2 2371 
# 1 273 2 2375 
# 1 274 2 2377 
# 1 275 2 2380 
# 1 276 2 2382 
# 2 2385 1 277 
# 2 2387 1 278 
# 2 2390 1 279 
# 2 2395 1 282 
# 1 283 2 2397 
# 1 285 2 2399 
# 1 287 2 2407 
# 1 288 2 2408 
# 1 289 2 2412 
# 1 290 2 2415 
# 2 2417 1 292 
# 1 294 2 2424 
# 1 295 2 2427 
# 1 296 2 2428 
# 2 2827 1 298 
# 2 2828 1 300 
# 1 301 2 2831 
# 2 2832 1 302 
# 1 303 2 2833 
# 1 304 2 2836 
# 1 305 2 2839 
# 1 306 2 2840 
# 1 307 2 2841 
# 1 309 2 2844 
# 2 2848 1 310 
# 2 2849 1 311 
# 2 2850 1 312 
# 2 2853 1 313 
# 2 2854 1 315 
# 2 2857 1 316 
# 2 2858 1 317 
# 2 2859 1 318 
# 1 319 2 2863 
# 2 2865 1 321 
# 2 2867 1 323 
# 2 2869 1 324 
# 1 325 2 2871 
# 1 326 2 2875 
# 1 327 2 2878 
# 1 328 2 2879 
# 2 73 1 329 
# 2 74 1 331 
# 2 75 1 334 
# 1 335 2 76 
# 1 337 2 77 
# 1 338 2 78 
# 1 339 2 79 
# 2 81 1 342 
# 2 83 1 344 
# 2 84 1 345 
# 2 85 1 346 
# 2 86 1 347 
# 2 87 1 349 
# 1 351 2 88 
# 1 352 2 89 
# 1 354 2 90 
# 1 355 2 91 
# 1 358 2 93 
# 1 362 2 94 
# 1 364 2 95 
# 2 96 1 365 
# 2 97 1 366 
# 1 368 2 98 
# 1 369 2 2957 
# 1 370 2 2959 
# 2 2960 1 371 
# 2 2961 1 372 
# 2 2962 1 373 
# 2 2965 1 374 
# 2 2966 1 375 
# 2 2967 1 376 
# 2 2968 1 377 
# 2 2970 1 379 
# 2 2972 1 380 
# 2 2974 1 381 
# 1 383 2 2975 
# 2 2977 1 384 
# 1 386 2 2980 
# 1 387 2 2981 
# 1 388 2 2982 
# 1 389 2 2984 
# 1 390 2 2985 
# 1 391 2 2986 
# 1 392 2 2987 
# 1 393 2 2988 
# 1 395 2 2989 
# 1 396 2 2991 
# 2 2992 1 397 
# 2 2993 1 398 
# 1 400 2 2996 
# 1 401 2 2998 
# 1 402 2 2999 
# 1 403 2 3000 
# 1 404 2 3001 
# 1 405 2 3002 
# 1 409 2 3005 
# 1 410 2 3006 
# 1 411 2 3007 
# 2 3008 1 412 
# 2 2468 1 413 
# 2 2473 1 414 
# 1 415 2 2474 
# 1 416 2 2478 
# 1 417 2 2479 
# 1 420 2 2488 
# 1 421 2 2492 
# 1 422 2 2493 
# 2 2496 1 423 
# 2 2498 1 424 
# 2 2503 1 425 
# 2 2504 1 426 
# 2 2513 1 429 
# 1 431 2 2517 
# 1 432 2 2525 
# 1 434 2 2537 
# 1 435 2 2538 
# 2 2545 1 436 
# 2 99 1 437 
# 2 100 1 439 
# 2 101 1 440 
# 2 103 1 441 
# 2 104 1 442 
# 2 105 1 443 
# 2 106 1 444 
# 2 107 1 446 
# 1 448 2 108 
# 1 449 2 109 
# 1 450 2 110 
# 2 112 1 451 
# 2 114 1 452 
# 2 115 1 453 
# 2 117 1 454 
# 2 118 1 455 
# 2 120 1 459 
# 1 460 2 2126 
# 2 2128 1 461 
# 2 2130 1 462 
# 1 463 2 2131 
# 1 464 2 2132 
# 1 465 2 2134 
# 1 466 2 2135 
# 1 467 2 2136 
# 1 468 2 2137 
# 1 470 2 2141 
# 1 471 2 2142 
# 1 473 2 2143 
# 2 2144 1 474 
# 2 2145 1 475 
# 2 2146 1 476 
# 2 2147 1 477 
# 2 2149 1 478 
# 1 479 2 2150 
# 1 480 2 1338 
# 1 481 2 1339 
# 1 482 2 1340 
# 1 483 2 1341 
# 1 485 2 1342 
# 1 487 2 1343 
# 2 1345 1 490 
# 2 1347 1 492 
# 2 1348 1 493 
# 2 1349 1 494 
# 1 495 2 1350 
# 1 496 2 1351 
# 1 498 2 1353 
# 1 500 2 1354 
# 1 501 2 1355 
# 1 502 2 1356 
# 1 503 2 1357 
# 1 504 2 1358 
# 1 505 2 2683 
# 1 506 2 2685 
# 2 2691 1 510 
# 1 511 2 2696 
# 1 513 2 2698 
# 1 514 2 2700 
# 1 515 2 2702 
# 2 2705 1 517 
# 2 2708 1 518 
# 2 2711 1 519 
# 1 521 2 2715 
# 1 522 2 2716 
# 1 523 2 2719 
# 2 2721 1 524 
# 2 2723 1 525 
# 2 2724 1 526 
# 1 527 2 2726 
# 1 528 2 2727 
# 1 529 2 2728 
# 1 530 2 820 
# 1 531 2 821 
# 1 532 2 822 
# 2 823 1 535 
# 2 824 1 536 
# 2 825 1 537 
# 2 826 1 538 
# 2 827 1 540 
# 2 828 1 541 
# 1 543 2 829 
# 1 544 2 830 
# 1 545 2 831 
# 2 834 1 546 
# 2 835 1 547 
# 2 836 1 548 
# 2 837 1 549 
# 2 839 1 551 
# 2 840 1 552 
# 2 841 1 553 
# 2 842 1 554 
# 2 843 1 555 
# 2 1124 1 556 
# 2 1125 1 557 
# 1 559 2 1126 
# 1 561 2 1127 
# 1 562 2 1128 
# 2 1130 1 573 
# 1 575 2 1132 
# 1 576 2 1133 
# 1 577 2 1134 
# 1 579 2 1135 
# 2 1136 1 580 
# 2 1137 1 584 
# 2 1138 1 585 
# 2 1139 1 587 
# 2 1140 1 589 
# 2 1141 1 590 
# 1 593 2 1142 
# 1 594 2 1143 
# 1 595 2 1144 
# 1 596 2 1145 
# 1 598 2 1146 
# 1 600 2 1147 
# 1 602 2 1148 
# 2 1149 1 604 
# 2 1150 1 605 
# 2 1151 1 606 
# 2 1152 1 608 
# 2 1153 1 609 
# 2 1154 1 610 
# 2 1155 1 611 
# 2 1156 1 613 
# 2 1157 1 614 
# 2 1158 1 616 
# 2 1159 1 617 
# 2 1160 1 619 
# 2 1162 1 621 
# 2 1163 1 622 
# 1 623 2 1164 
# 1 624 2 2019 
# 1 626 2 2020 
# 1 627 2 2021 
# 1 628 2 2022 
# 1 629 2 2023 
# 1 630 2 2024 
# 2 2025 1 632 
# 2 2026 1 633 
# 2 2027 1 634 
# 1 635 2 2029 
# 1 636 2 2030 
# 1 637 2 2031 
# 2 2032 1 638 
# 1 639 2 2033 
# 2 2034 1 641 
# 2 2035 1 644 
# 2 2037 1 645 
# 2 2038 1 646 
# 2 2039 1 647 
# 2 2040 1 648 
# 2 2042 1 649 
# 2 2043 1 650 
# 1 651 2 463 
# 2 465 1 652 
# 2 467 1 653 
# 2 468 1 654 
# 1 655 2 469 
# 1 656 2 471 
# 1 657 2 472 
# 1 659 2 476 
# 1 660 2 477 
# 1 662 2 478 
# 1 663 2 479 
# 2 480 1 664 
# 2 481 1 665 
# 2 482 1 666 
# 2 483 1 668 
# 2 484 1 669 
# 2 485 1 670 
# 1 672 2 1460 
# 1 675 2 1461 
# 1 676 2 1462 
# 2 1463 1 678 
# 2 1464 1 682 
# 2 1465 1 683 
# 1 688 2 1467 
# 1 689 2 1468 
# 1 690 2 1469 
# 1 693 2 1471 
# 2 1472 1 696 
# 2 1473 1 697 
# 2 1475 1 701 
# 1 703 2 1476 
# 1 704 2 1477 
# 1 705 2 1479 
# 1 707 2 1480 
# 1 708 2 1481 
# 1 711 2 1483 
# 1 712 2 1868 
# 1 714 2 1870 
# 2 1872 1 715 
# 2 1873 1 716 
# 2 1874 1 717 
# 1 721 2 1876 
# 1 723 2 1878 
# 1 724 2 1879 
# 1 726 2 1880 
# 2 1881 1 729 
# 2 1883 1 730 
# 2 1884 1 731 
# 2 1885 1 732 
# 2 1886 1 733 
# 2 1888 1 735 
# 2 1889 1 736 
# 2 1890 1 737 
# 2 1891 1 738 
# 2 1892 1 739 
# 2 1893 1 742 
# 2 1894 1 743 
# 2 1895 1 744 
# 2 1896 1 745 
# 2 1897 1 746 
# 2 1898 1 747 
# 1 751 2 1899 
# 1 752 2 1900 
# 1 753 2 1902 
# 1 754 2 1903 
# 2 1904 1 755 
# 2 1906 1 759 
# 2 1908 1 760 
# 2 1909 1 761 
# 2 1910 1 763 
# 2 1911 1 764 
# 2 1913 1 766 
# 1 767 2 1914 
# 1 768 2 1915 
# 1 773 2 1917 
# 1 775 2 1918 
# 1 778 2 1919 
# 2 1921 1 779 
# 2 1922 1 781 
# 2 1924 1 782 
# 1 783 2 1925 
# 1 784 2 1926 
# 1 786 2 1927 
# 1 787 2 1928 
# 1 788 2 1929 
# 1 790 2 1931 
# 1 794 2 1933 
# 1 795 2 1934 
# 1 796 2 1935 
# 2 1936 1 799 
# 2 1937 1 800 
# 1 801 2 1939 
# 1 802 2 1940 
# 1 803 2 1941 
# 1 804 2 1942 
# 1 805 2 1943 
# 1 806 2 1944 
# 1 807 2 1945 
# 1 808 2 1946 
# 1 809 2 1947 
# 2 1948 1 811 
# 1 812 2 1950 
# 2 2233 1 813 
# 2 2234 1 814 
# 1 816 2 2235 
# 1 817 2 2236 
# 1 818 2 2237 
# 1 821 2 2238 
# 1 822 2 2239 
# 2 2242 1 824 
# 2 2243 1 826 
# 2 2244 1 829 
# 2 2245 1 830 
# 1 831 2 2246 
# 1 832 2 2247 
# 1 834 2 2249 
# 1 837 2 2250 
# 1 838 2 2251 
# 1 840 2 2252 
# 1 841 2 2253 
# 1 842 2 2254 
# 2 2256 1 844 
# 2 122 1 845 
# 2 126 1 846 
# 2 128 1 848 
# 2 130 1 849 
# 1 850 2 132 
# 1 851 2 134 
# 1 852 2 135 
# 1 853 2 137 
# 1 855 2 141 
# 2 332 1 859 
# 2 333 1 860 
# 1 861 2 335 
# 2 336 1 862 
# 1 864 2 339 
# 1 865 2 341 
# 1 866 2 343 
# 1 867 2 345 
# 1 868 2 346 
# 1 870 2 348 
# 1 871 2 351 
# 2 353 1 872 
# 2 354 1 873 
# 2 357 1 874 
# 2 358 1 875 
# 2 364 1 878 
# 1 879 2 369 
# 1 880 2 372 
# 1 881 2 373 
# 1 882 2 376 
# 1 883 2 1659 
# 1 884 2 1660 
# 1 890 2 1661 
# 1 891 2 1662 
# 1 892 2 1663 
# 2 1664 1 893 
# 2 1665 1 894 
# 1 895 2 1666 
# 1 896 2 1667 
# 1 897 2 1668 
# 1 899 2 1669 
# 1 900 2 1670 
# 1 901 2 1672 
# 1 903 2 1673 
# 2 1674 1 905 
# 2 1675 1 906 
# 2 1676 1 907 
# 1 908 2 1678 
# 1 912 2 1679 
# 1 914 2 1700 
# 1 915 2 1701 
# 1 916 2 1702 
# 1 917 2 1703 
# 1 918 2 1705 
# 1 919 2 1707 
# 1 920 2 1708 
# 1 921 2 1710 
# 1 922 2 1711 
# 2 1712 1 923 
# 2 1715 1 925 
# 2 1716 1 926 
# 1 927 2 1717 
# 1 928 2 1718 
# 1 929 2 1719 
# 1 930 2 1720 
# 1 932 2 1721 
# 1 933 2 1722 
# 1 935 2 1723 
# 2 1527 1 938 
# 2 1528 1 940 
# 2 1529 1 941 
# 2 1530 1 942 
# 1 947 2 1531 
# 1 950 2 1532 
# 1 952 2 1533 
# 1 954 2 1534 
# 2 1536 1 956 
# 2 1537 1 958 
# 1 960 2 1538 
# 2 1539 1 962 
# 2 1540 1 965 
# 2 1542 1 967 
# 2 1543 1 969 
# 2 1544 1 971 
# 2 1546 1 973 
# 1 975 2 1547 
# 1 979 2 1548 
# 1 980 2 1549 
# 1 983 2 1550 
# 1 985 2 1551 
# 2 1552 1 987 
# 1 991 2 1447 
# 1 997 2 1448 
# 2 1450 1 1003 
# 2 1451 1 1004 
# 1 1008 2 1453 
# 1 1010 2 1454 
# 1 1012 2 1455 
# 2 1456 1 1013 
# 2 1457 1 1015 
# 1 1016 2 1183 
# 2 1185 1 1018 
# 2 1186 1 1019 
# 2 1187 1 1020 
# 1 1023 2 1188 
# 1 1024 2 1189 
# 1 1025 2 1190 
# 1 1026 2 1191 
# 1 1027 2 1192 
# 1 1029 2 1194 
# 1 1030 2 1195 
# 1 1031 2 1196 
# 1 1033 2 1197 
# 1 1034 2 1198 
# 1 1035 2 1199 
# 2 1200 1 1038 
# 2 1201 1 1040 
# 1 1041 2 2294 
# 1 1043 2 2295 
# 1 1044 2 2297 
# 1 1045 2 2298 
# 1 1046 2 2302 
# 1 1047 2 2303 
# 2 2305 1 1048 
# 2 2308 1 1049 
# 2 2313 1 1051 
# 2 2315 1 1054 
# 1 1055 2 2318 
# 1 1056 2 2319 
# 2 2323 1 1058 
# 1 1059 2 2325 
# 1 1060 2 2328 
# 1 1062 2 2330 
# 1 1063 2 2334 
# 2 2341 1 1066 
# 2 2343 1 1068 
# 2 2347 1 1069 
# 2 2348 1 1070 
# 1 1071 2 2349 
# 1 1072 2 2351 
# 2 2352 1 1073 
# 2 2353 1 1074 
# 2 2354 1 1075 
# 1 1076 2 2358 
# 1 1077 2 2360 
# 1 1078 2 2361 
# 1 1079 2 2362 
# 1 1081 2 2363 
# 1 1082 2 2365 
# 2 1026 1 1083 
# 2 1027 1 1084 
# 2 1028 1 1085 
# 2 1029 1 1086 
# 1 1087 2 1030 
# 1 1088 2 1031 
# 1 1089 2 1032 
# 1 1091 2 1034 
# 1 1092 2 1035 
# 1 1093 2 1036 
# 1 1096 2 1037 
# 1 1098 2 1038 
# 1 1099 2 1039 
# 2 1040 1 1100 
# 2 1041 1 1101 
# 2 1043 1 1102 
# 1 1105 2 1044 
# 1 1106 2 1046 
# 1 1109 2 1048 
# 2 993 1 1110 
# 2 997 1 1112 
# 2 999 1 1114 
# 2 1003 1 1115 
# 2 1004 1 1116 
# 2 1006 1 1117 
# 2 1008 1 1119 
# 1 1120 2 1010 
# 1 1121 2 1011 
# 1 1123 2 1013 
# 1 1124 2 1015 
# 1 1126 2 1016 
# 1 1127 2 1019 
# 1 1129 2 1021 
# 1 1130 2 1022 
# 2 1024 1 1131 
# 2 1025 1 1132 
# 2 844 1 1133 
# 2 845 1 1134 
# 1 1135 2 846 
# 2 849 1 1136 
# 2 850 1 1137 
# 1 1138 2 853 
# 1 1139 2 857 
# 1 1140 2 858 
# 1 1143 2 863 
# 2 865 1 1144 
# 2 868 1 1147 
# 2 874 1 1148 
# 2 877 1 1150 
# 1 1151 2 879 
# 2 881 1 1152 
# 1 1153 2 1262 
# 1 1157 2 1263 
# 2 1264 1 1158 
# 2 1265 1 1163 
# 2 1266 1 1164 
# 2 1267 1 1170 
# 2 1268 1 1171 
# 2 1269 1 1173 
# 2 1270 1 1178 
# 2 1271 1 1179 
# 1 1184 2 1272 
# 1 1187 2 1273 
# 2 1274 1 1193 
# 2 1275 1 1195 
# 1 1200 2 1276 
# 1 1205 2 1277 
# 1 1206 2 1278 
# 1 1210 2 1279 
# 2 1281 1 1211 
# 1 1217 2 1284 
# 2 1285 1 1221 
# 2 1286 1 1223 
# 2 1288 1 1226 
# 2 1289 1 1229 
# 2 1290 1 1230 
# 1 1233 2 710 
# 1 1234 2 711 
# 1 1235 2 712 
# 1 1236 2 713 
# 1 1237 2 715 
# 1 1238 2 718 
# 1 1239 2 719 
# 2 720 1 1242 
# 2 721 1 1244 
# 2 723 1 1245 
# 1 1248 2 724 
# 1 1249 2 726 
# 1 1250 2 727 
# 1 1251 2 728 
# 1 1252 2 729 
# 1 1254 2 732 
# 1 1256 2 734 
# 1 1257 2 735 
# 2 736 1 1258 
# 2 737 1 1259 
# 2 738 1 1260 
# 2 740 1 1262 
# 1 1263 2 741 
# 1 1264 2 742 
# 1 1267 2 744 
# 1 1268 2 745 
# 1 1269 2 746 
# 1 1270 2 747 
# 1 1272 2 748 
# 1 1274 2 750 
# 1 1276 2 751 
# 2 752 1 1278 
# 1 1279 2 753 
# 1 1280 2 754 
# 1 1281 2 756 
# 1 1282 2 757 
# 1 1283 2 758 
# 1 1284 2 762 
# 1 1285 2 763 
# 1 1286 2 764 
# 2 2065 1 1288 
# 2 2067 1 1289 
# 2 2068 1 1290 
# 2 2069 1 1291 
# 2 2071 1 1292 
# 2 2073 1 1293 
# 2 2076 1 1294 
# 1 1295 2 2077 
# 1 1296 2 2078 
# 2 2080 1 1297 
# 2 2081 1 1298 
# 2 2082 1 1299 
# 2 2085 1 1300 
# 2 2086 1 1301 
# 2 2087 1 1302 
# 1 1303 2 2090 
# 1 1304 2 2091 
# 1 1305 2 2093 
# 1 1307 2 2095 
# 2 2097 1 1308 
# 2 2101 1 1310 
# 1 1312 2 2108 
# 1 1313 2 2109 
# 1 1314 2 2110 
# 2 2112 1 1315 
# 2 2114 1 1316 
# 2 2115 1 1317 
# 2 2116 1 1318 
# 2 2120 1 1319 
# 1 1321 2 2124 
# 1 1322 2 2125 
# 2 684 1 1323 
# 2 685 1 1324 
# 2 686 1 1325 
# 2 688 1 1328 
# 2 689 1 1329 
# 2 690 1 1330 
# 1 1331 2 693 
# 2 694 1 1333 
# 2 695 1 1334 
# 2 696 1 1336 
# 2 697 1 1337 
# 2 699 1 1338 
# 2 700 1 1340 
# 2 701 1 1341 
# 2 703 1 1342 
# 2 704 1 1343 
# 1 1344 2 706 
# 1 1345 2 707 
# 1 1346 2 709 
# 1 1347 2 378 
# 1 1348 2 379 
# 1 1349 2 380 
# 1 1352 2 383 
# 2 384 1 1353 
# 2 385 1 1355 
# 2 386 1 1358 
# 1 1359 2 388 
# 1 1360 2 389 
# 1 1361 2 390 
# 1 1362 2 391 
# 1 1364 2 394 
# 1 1367 2 395 
# 1 1369 2 396 
# 1 1371 2 397 
# 2 398 1 1374 
# 2 400 1 1376 
# 1 1377 2 765 
# 1 1379 2 766 
# 1 1380 2 767 
# 2 772 1 1382 
# 2 773 1 1383 
# 2 774 1 1384 
# 2 775 1 1385 
# 2 776 1 1386 
# 2 777 1 1387 
# 2 778 1 1388 
# 2 779 1 1389 
# 2 780 1 1390 
# 1 1391 2 781 
# 1 1392 2 782 
# 1 1394 2 783 
# 2 785 1 1395 
# 2 787 1 1397 
# 2 788 1 1398 
# 2 791 1 1400 
# 2 794 1 1401 
# 2 1051 1 1402 
# 1 1404 2 1054 
# 2 1056 1 1405 
# 2 1059 1 1406 
# 1 1407 2 1061 
# 1 1408 2 1062 
# 1 1410 2 1063 
# 1 1411 2 1064 
# 1 1412 2 1065 
# 1 1413 2 1066 
# 1 1415 2 1068 
# 1 1416 2 1070 
# 1 1417 2 1071 
# 2 1073 1 1418 
# 2 933 1 1419 
# 2 934 1 1420 
# 2 935 1 1421 
# 1 1424 2 940 
# 1 1425 2 941 
# 2 945 1 1426 
# 2 946 1 1427 
# 1 1428 2 950 
# 1 1429 2 954 
# 1 1430 2 955 
# 1 1431 2 958 
# 1 1432 2 959 
# 2 962 1 1433 
# 2 963 1 1434 
# 2 967 1 1435 
# 2 971 1 1437 
# 2 975 1 1438 
# 2 976 1 1439 
# 2 977 1 1440 
# 1 1441 2 981 
# 1 1442 2 982 
# 1 1443 2 984 
# 1 1444 2 986 
# 1 1445 2 987 
# 1 1446 2 988 
# 1 1447 2 989 
# 1 1448 2 991 
# 2 298 1 1449 
# 2 299 1 1451 
# 2 301 1 1452 
# 2 304 1 1453 
# 2 305 1 1454 
# 1 1455 2 307 
# 1 1457 2 309 
# 1 1458 2 310 
# 1 1459 2 311 
# 1 1460 2 312 
# 1 1461 2 313 
# 1 1463 2 315 
# 1 1464 2 316 
# 1 1465 2 317 
# 1 1466 2 318 
# 1 1468 2 319 
# 2 320 1 1469 
# 1 1471 2 321 
# 1 1472 2 322 
# 1 1473 2 323 
# 1 1474 2 325 
# 1 1475 2 326 
# 1 1477 2 327 
# 1 1478 2 328 
# 1 1479 2 329 
# 2 330 1 1481 
# 2 882 1 1482 
# 2 883 1 1483 
# 2 884 1 1484 
# 2 885 1 1485 
# 2 886 1 1486 
# 1 1487 2 888 
# 1 1489 2 889 
# 1 1490 2 890 
# 1 1491 2 892 
# 1 1492 2 893 
# 1 1494 2 894 
# 1 1495 2 895 
# 2 897 1 1497 
# 2 898 1 1498 
# 2 899 1 1499 
# 2 900 1 1500 
# 2 901 1 1501 
# 2 903 1 1502 
# 1 1505 2 906 
# 2 1602 1 1506 
# 2 1604 1 1507 
# 1 1508 2 1606 
# 1 1509 2 1609 
# 1 1510 2 1612 
# 1 1511 2 1614 
# 2 1616 1 1512 
# 2 1617 1 1513 
# 2 1624 1 1516 
# 2 1626 1 1517 
# 2 1627 1 1518 
# 1 1519 2 1629 
# 1 1520 2 1630 
# 2 1632 1 1521 
# 1 1522 2 3012 
# 1 1523 2 3015 
# 1 1524 2 3020 
# 1 1526 2 3023 
# 2 3026 1 1527 
# 2 3030 1 1528 
# 1 1531 2 3038 
# 2 3040 1 1532 
# 2 3041 1 1533 
# 2 3043 1 1534 
# 1 1535 2 3044 
# 1 1536 2 3047 
# 1 1537 2 1165 
# 1 1538 2 1166 
# 1 1539 2 1167 
# 2 1168 1 1540 
# 2 1169 1 1541 
# 2 1172 1 1544 
# 2 1174 1 1545 
# 2 1175 1 1546 
# 2 1176 1 1547 
# 2 1177 1 1548 
# 1 1551 2 1179 
# 1 1553 2 1180 
# 1 1554 2 1181 
# 1 1556 2 1182 
# 2 1633 1 1557 
# 2 1636 1 1558 
# 2 1637 1 1560 
# 2 1640 1 1561 
# 2 1642 1 1563 
# 2 1643 1 1564 
# 2 1644 1 1565 
# 2 1645 1 1566 
# 1 1567 2 1647 
# 2 1648 1 1568 
# 2 1649 1 1569 
# 2 1651 1 1570 
# 2 1652 1 1571 
# 1 1572 2 1655 
# 2 2177 1 1575 
# 2 2178 1 1576 
# 2 2179 1 1577 
# 2 2181 1 1578 
# 2 2183 1 1579 
# 2 2185 1 1580 
# 2 2186 1 1582 
# 1 1583 2 2188 
# 1 1584 2 2189 
# 1 1585 2 2190 
# 1 1586 2 2191 
# 2 2192 1 1588 
# 2 2193 1 1590 
# 2 2194 1 1591 
# 2 2197 1 1592 
# 2 2198 1 1593 
# 2 2199 1 1594 
# 2 2201 1 1595 
# 2 2203 1 1597 
# 2 2204 1 1598 
# 1 1599 2 237 
# 1 1600 2 239 
# 2 241 1 1601 
# 1 1602 2 244 
# 1 1603 2 245 
# 1 1604 2 246 
# 2 247 1 1607 
# 2 248 1 1608 
# 2 249 1 1609 
# 2 250 1 1610 
# 2 251 1 1611 
# 2 252 1 1612 
# 2 253 1 1613 
# 2 254 1 1614 
# 1 1615 2 255 
# 2 256 1 1616 
# 2 257 1 1617 
# 2 258 1 1618 
# 2 1748 1 1623 
# 2 1749 1 1624 
# 2 1751 1 1627 
# 2 1752 1 1628 
# 2 1753 1 1629 
# 2 1754 1 1630 
# 1 1631 2 1755 
# 1 1632 2 1756 
# 1 1633 2 1757 
# 1 1634 2 1758 
# 2 1760 1 1636 
# 2 1761 1 1637 
# 2 1763 1 1638 
# 2 1764 1 1640 
# 2 1766 1 1641 
# 2 1768 1 1642 
# 2 1769 1 1643 
# 2 1770 1 1645 
# 2 1771 1 1646 
# 1 1647 2 1772 
# 1 1649 2 1773 
# 1 1650 2 1774 
# 1 1653 2 1775 
# 2 1777 1 1655 
# 2 1779 1 1656 
# 2 1780 1 1657 
# 2 1781 1 1658 
# 2 2650 1 1659 
# 2 2651 1 1660 
# 2 2653 1 1661 
# 2 2658 1 1662 
# 1 1663 2 2660 
# 1 1664 2 2671 
# 2 2673 1 1665 
# 1 1667 2 2680 
# 1 1668 2 2682 
# 1 1669 2 2205 
# 2 2209 1 1670 
# 2 2210 1 1671 
# 2 2213 1 1673 
# 2 2217 1 1675 
# 2 2218 1 1676 
# 2 2219 1 1677 
# 2 2220 1 1678 
# 1 1679 2 2221 
# 1 1680 2 2222 
# 1 1681 2 2223 
# 2 2224 1 1682 
# 2 2227 1 1683 
# 2 2229 1 1684 
# 2 2230 1 1685 
# 1 1688 2 2270 
# 1 1689 2 2271 
# 2 2272 1 1690 
# 2 2273 1 1691 
# 2 2274 1 1692 
# 2 2275 1 1693 
# 1 1695 2 2276 
# 1 1696 2 2277 
# 1 1697 2 2279 
# 1 1698 2 2280 
# 1 1699 2 2281 
# 1 1700 2 2282 
# 1 1701 2 2283 
# 1 1703 2 2284 
# 1 1704 2 2286 
# 2 2288 1 1705 
# 2 2291 1 1707 
# 2 2293 1 1708 
# 2 1241 1 1709 
# 2 1242 1 1710 
# 1 1712 2 1243 
# 1 1713 2 1244 
# 1 1714 2 1246 
# 1 1715 2 1247 
# 2 1248 1 1716 
# 2 1249 1 1717 
# 2 1253 1 1721 
# 2 1255 1 1722 
# 2 1256 1 1724 
# 2 1257 1 1725 
# 1 1727 2 1258 
# 1 1728 2 1259 
# 1 1729 2 1260 
# 1 1730 2 1261 
# 1 1731 2 1484 
# 1 1732 2 1487 
# 2 1488 1 1734 
# 2 1489 1 1735 
# 2 1490 1 1736 
# 2 1492 1 1739 
# 2 1493 1 1740 
# 2 1494 1 1742 
# 1 1743 2 1495 
# 1 1745 2 1496 
# 1 1746 2 1497 
# 1 1749 2 1498 
# 1 1750 2 1499 
# 2 1500 1 1756 
# 2 1502 1 1758 
# 1 1760 2 1503 
# 2 1504 1 1762 
# 2 1505 1 1763 
# 2 1506 1 1764 
# 2 1507 1 1766 
# 2 1509 1 1768 
# 2 1510 1 1769 
# 2 1512 1 1770 
# 2 1514 1 1771 
# 2 1516 1 1772 
# 2 1517 1 1773 
# 2 1518 1 1774 
# 1 1775 2 1519 
# 2 1520 1 1777 
# 2 1521 1 1778 
# 2 1523 1 1779 
# 2 1524 1 1780 
# 1 1781 2 426 
# 1 1783 2 430 
# 1 1784 2 431 
# 2 433 1 1785 
# 2 436 1 1787 
# 1 1791 2 440 
# 1 1792 2 442 
# 1 1793 2 445 
# 1 1794 2 447 
# 2 449 1 1795 
# 2 451 1 1796 
# 2 452 1 1797 
# 2 455 1 1799 
# 2 456 1 1800 
# 1 1802 2 461 
# 1 1803 2 462 
# 2 1554 1 1804 
# 2 1556 1 1805 
# 2 1559 1 1806 
# 1 1808 2 1567 
# 2 1569 1 1809 
# 2 1571 1 1810 
# 1 1811 2 1580 
# 2 1584 1 1812 
# 2 1589 1 1813 
# 1 1814 2 1593 
# 1 1816 2 1597 
# 2 1600 1 1817 
# 2 1783 1 1818 
# 2 1784 1 1820 
# 2 1785 1 1821 
# 2 1786 1 1822 
# 1 1824 2 1787 
# 1 1825 2 1789 
# 1 1827 2 1790 
# 1 1828 2 1791 
# 2 1794 1 1830 
# 2 1795 1 1834 
# 2 1796 1 1835 
# 2 1797 1 1836 
# 2 1798 1 1837 
# 2 1799 1 1838 
# 1 1841 2 1800 
# 1 1842 2 1801 
# 1 1843 2 1802 
# 1 1844 2 1803 
# 1 1845 2 1804 
# 1 1849 2 1806 
# 1 1853 2 1807 
# 1 1855 2 1809 
# 1 1856 2 1810 
# 1 1858 2 1812 
# 2 1813 1 1861 
# 2 1814 1 1862 
# 2 1815 1 1864 
# 2 1816 1 1866 
# 2 1819 1 1870 
# 1 1871 2 1820 
# 1 1874 2 519 
# 1 1875 2 521 
# 1 1876 2 523 
# 1 1877 2 524 
# 1 1878 2 526 
# 2 530 1 1880 
# 2 531 1 1881 
# 2 535 1 1882 
# 2 538 1 1884 
# 2 540 1 1885 
# 1 1887 2 542 
# 2 545 1 1888 
# 2 546 1 1889 
# 1 1890 2 548 
# 1 1892 2 550 
# 1 1893 2 551 
# 1 1894 2 554 
# 2 38 1 1895 
# 2 39 1 1898 
# 1 1909 2 41 
# 1 1912 2 42 
# 2 44 1 1917 
# 1 1922 2 45 
# 1 1925 2 46 
# 2 48 1 1930 
# 2 49 1 1932 
# 2 1 1 1933 
# 2 2 1 1934 
# 1 1935 2 3 
# 1 1936 2 5 
# 1 1937 2 6 
# 1 1938 2 11 
# 1 1939 2 12 
# 1 1940 2 13 
# 1 1941 2 14 
# 2 16 1 1943 
# 2 17 1 1944 
# 2 19 1 1946 
# 2 20 1 1947 
# 2 21 1 1948 
# 2 23 1 1950 
# 1 1951 2 24 
# 1 1952 2 27 
# 1 1953 2 29 
# 2 33 1 1954 
# 2 2548 1 1956 
# 2 2552 1 1959 
# 2 2555 1 1962 
# 1 1963 2 2557 
# 1 1964 2 2558 
# 1 1965 2 2559 
# 2 2560 1 1966 
# 1 1968 2 2562 
# 1 1969 2 2563 
# 1 1970 2 2564 
# 1 1972 2 2567 
# 1 1973 2 2568 
# 2 2569 1 1976 
# 2 2570 1 1977 
# 2 2571 1 1978 
# 2 2572 1 1979 
# 2 1831 1 1981 
# 2 1832 1 1982 
# 1 1983 2 1836 
# 2 1840 1 1984 
# 2 1842 1 1985 
# 1 1986 2 1845 
# 1 1987 2 1848 
# 1 1989 2 1854 
# 2 1856 1 1990 
# 2 1857 1 1991 
# 2 1860 1 1992 
# 2 1861 1 1993 
# 2 1864 1 1995 
# 2 2882 1 1998 
# 1 2000 2 2883 
# 1 2001 2 2884 
# 1 2003 2 2885 
# 1 2004 2 2886 
# 1 2005 2 2887 
# 1 2006 2 2888 
# 2 2889 1 2008 
# 2 2890 1 2009 
# 2 2891 1 2010 
# 2 2893 1 2012 
# 2 2894 1 2013 
# 1 2015 2 2895 
# 2 2896 1 2016 
# 2 2897 1 2017 
# 2 2898 1 2019 
# 2 2899 1 2020 
# 2 2900 1 2023 
# 2 2902 1 2026 
# 2 2903 1 2028 
# 2 2904 1 2029 
# 2 2905 1 2030 
# 1 2031 2 2906 
# 1 2032 2 2430 
# 1 2033 2 2431 
# 2 2432 1 2035 
# 2 2434 1 2036 
# 2 2435 1 2040 
# 2 2436 1 2041 
# 2 2437 1 2042 
# 2 2438 1 2046 
# 1 2047 2 2440 
# 1 2051 2 2441 
# 1 2053 2 2442 
# 1 2054 2 2443 
# 1 2058 2 2444 
# 1 2059 2 2445 
# 1 2060 2 2446 
# 2 2447 1 2062 
# 2 2448 1 2063 
# 2 2449 1 2064 
# 2 2450 1 2067 
# 2 2451 1 2068 
# 2 2452 1 2074 
# 2 2454 1 2078 
# 1 2079 2 2456 
# 1 2083 2 2458 
# 1 2086 2 2459 
# 1 2087 2 2460 
# 1 2088 2 2461 
# 1 2091 2 2462 
# 2 2463 1 2094 
# 2 2465 1 2099 
# 2 2466 1 2100 
# 2 2467 1 2104 
# 2 796 1 2107 
# 2 797 1 2108 
# 2 798 1 2110 
# 1 2111 2 799 
# 1 2112 2 802 
# 1 2113 2 803 
# 1 2114 2 804 
# 2 805 1 2116 
# 2 806 1 2117 
# 1 2118 2 808 
# 1 2119 2 809 
# 1 2120 2 810 
# 2 811 1 2122 
# 2 812 1 2123 
# 2 813 1 2124 
# 2 814 1 2125 
# 1 2127 2 817 
# 1 2128 2 818 
# 2 819 1 2130 
# 1 2134 2 2731 
# 1 2135 2 2735 
# 2 2737 1 2136 
# 2 2740 1 2137 
# 2 2741 1 2138 
# 2 2743 1 2140 
# 2 2745 1 2141 
# 2 2747 1 2142 
# 1 2143 2 2750 
# 1 2144 2 1291 
# 1 2147 2 1294 
# 2 1296 1 2148 
# 2 1299 1 2149 
# 2 1300 1 2150 
# 2 1304 1 2151 
# 2 1305 1 2152 
# 2 1306 1 2153 
# 2 1307 1 2154 
# 2 1308 1 2155 
# 1 2156 2 1310 
# 2 611 1 2157 
# 1 2159 2 613 
# 1 2160 2 614 
# 1 2161 2 615 
# 1 2162 2 617 
# 1 2163 2 618 
# 1 2164 2 619 
# 1 2165 2 620 
# 1 2166 2 621 
# 1 2167 2 622 
# 1 2168 2 623 
# 2 624 1 2170 
# 2 625 1 2172 
# 2 626 1 2173 
# 1 2175 2 629 
# 1 2176 2 630 
# 1 2177 2 632 
# 1 2178 2 633 
# 2 211 1 2180 
# 2 212 1 2181 
# 2 213 1 2182 
# 2 214 1 2185 
# 2 216 1 2187 
# 2 218 1 2189 
# 2 219 1 2190 
# 1 2191 2 220 
# 1 2192 2 221 
# 1 2194 2 223 
# 2 224 1 2195 
# 2 225 1 2196 
# 2 226 1 2197 
# 2 227 1 2198 
# 2 228 1 2202 
# 2 230 1 2204 
# 2 231 1 2205 
# 1 2208 2 232 
# 1 2210 2 233 
# 1 2213 2 234 
# 1 2215 2 235 
# 1 2216 2 236 
# 2 2152 1 2219 
# 2 2153 1 2220 
# 2 2154 1 2221 
# 2 2155 1 2222 
# 1 2223 2 2156 
# 1 2224 2 2157 
# 1 2225 2 2158 
# 1 2226 2 2159 
# 2 2162 1 2227 
# 2 2163 1 2228 
# 2 2164 1 2229 
# 2 2165 1 2230 
# 2 2166 1 2231 
# 2 2167 1 2232 
# 2 2169 1 2233 
# 2 2170 1 2234 
# 2 2171 1 2235 
# 2 2173 1 2237 
# 2 2174 1 2238 
# 1 2239 2 2175 
# 2 2176 1 2240 
# 2 2257 1 2244 
# 2 2260 1 2251 
# 1 2255 2 2261 
# 1 2259 2 2262 
# 2 2263 1 2263 
# 2 2264 1 2267 
# 1 2272 2 2266 
# 1 2276 2 2267 
# 1 2279 2 2268 
# 1 2282 2 2269 
# 2 2001 1 2285 
# 1 2287 2 2002 
# 1 2288 2 2003 
# 1 2291 2 2005 
# 2 2006 1 2293 
# 2 2008 1 2296 
# 2 2009 1 2297 
# 2 2010 1 2298 
# 2 2011 1 2299 
# 2 2012 1 2300 
# 1 2303 2 2014 
# 1 2306 2 2015 
# 2 2016 1 2307 
# 2 2017 1 2308 
# 2 2018 1 2310 
# 1 2311 2 1422 
# 1 2312 2 1423 
# 2 1424 1 2313 
# 2 1425 1 2314 
# 2 1427 1 2315 
# 2 1428 1 2316 
# 2 1429 1 2317 
# 2 1430 1 2318 
# 1 2319 2 1431 
# 1 2320 2 1432 
# 1 2321 2 1433 
# 1 2322 2 1434 
# 1 2323 2 1435 
# 1 2324 2 1436 
# 1 2325 2 1439 
# 2 1441 1 2328 
# 2 1442 1 2329 
# 2 1443 1 2330 
# 2 1444 1 2331 
# 2 1445 1 2333 
# 2 50 1 2337 
# 2 51 1 2338 
# 2 52 1 2341 
# 2 53 1 2342 
# 2 54 1 2345 
# 2 55 1 2346 
# 2 56 1 2349 
# 2 57 1 2350 
# 1 2355 2 59 
# 1 2356 2 60 
# 1 2359 2 61 
# 1 2360 2 62 
# 2 64 1 2365 
# 2 66 1 2369 
# 2 67 1 2372 
# 2 68 1 2373 
# 2 69 1 2376 
# 2 70 1 2377 
# 2 71 1 2379 
# 2 72 1 2381 
# 2 2795 1 2382 
# 1 2384 2 2799 
# 2 2800 1 2385 
# 2 2801 1 2386 
# 2 2802 1 2387 
# 2 2804 1 2388 
# 2 2806 1 2389 
# 1 2390 2 2808 
# 1 2391 2 2810 
# 2 2811 1 2394 
# 2 2812 1 2395 
# 2 2813 1 2396 
# 2 2814 1 2397 
# 2 2815 1 2398 
# 2 2816 1 2400 
# 2 2817 1 2401 
# 2 2818 1 2402 
# 1 2405 2 1978 
# 1 2406 2 1979 
# 1 2408 2 1981 
# 1 2409 2 1982 
# 1 2410 2 1983 
# 2 1984 1 2411 
# 2 1985 1 2412 
# 2 1987 1 2413 
# 2 1988 1 2414 
# 1 2415 2 1989 
# 1 2416 2 1990 
# 1 2417 2 1994 
# 1 2418 2 1995 
# 1 2419 2 1996 
# 1 2420 2 1997 
# 1 2421 2 1998 
# 2 2000 1 2422 
# 1 2423 2 2908 
# 1 2424 2 2909 
# 1 2425 2 2911 
# 2 2913 1 2426 
# 2 2917 1 2427 
# 2 2922 1 2429 
# 2 2924 1 2430 
# 1 2431 2 2926 
# 2 2928 1 2432 
# 2 2930 1 2433 
# 1 2435 2 2934 
# 1 2436 2 2936 
# 1 2438 2 2939 
# 1 2439 2 2941 
# 2 2947 1 2440 
# 2 2953 1 2443 
# 2 2759 1 2444 
# 2 2761 1 2446 
# 1 2447 2 2765 
# 2 2768 1 2450 
# 2 2772 1 2451 
# 1 2452 2 2774 
# 1 2453 2 2775 
# 1 2454 2 2776 
# 1 2456 2 2782 
# 1 2457 2 2783 
# 2 2784 1 2458 
# 2 2787 1 2459 
# 2 2788 1 2460 
# 2 2790 1 2461 
# 2 2792 1 2462 
# 1 2464 2 2794 
# 1 2465 2 1388 
# 1 2466 2 1389 
# 1 2467 2 1391 
# 2 1395 1 2471 
# 2 1398 1 2472 
# 2 1399 1 2473 
# 2 1403 1 2475 
# 2 1404 1 2476 
# 2 1406 1 2477 
# 2 1407 1 2478 
# 2 1408 1 2480 
# 2 1410 1 2481 
# 1 2483 2 1415 
# 1 2484 2 1417 
# 1 2485 2 1418 
# 2 486 1 2486 
# 2 487 1 2487 
# 2 488 1 2488 
# 2 489 1 2489 
# 2 490 1 2490 
# 2 492 1 2491 
# 1 2492 2 494 
# 1 2493 2 495 
# 2 496 1 2494 
# 2 497 1 2496 
# 2 498 1 2497 
# 2 499 1 2499 
# 2 500 1 2500 
# 2 501 1 2503 
# 2 503 1 2504 
# 2 504 1 2505 
# 2 505 1 2506 
# 2 506 1 2507 
# 2 507 1 2508 
# 2 508 1 2509 
# 2 509 1 2510 
# 1 2511 2 510 
# 1 2512 2 511 
# 2 512 1 2513 
# 2 515 1 2515 
# 2 516 1 2516 
# 2 517 1 2517 
# 2 518 1 2519 
# 1 2520 2 142 
# 1 2521 2 143 
# 2 144 1 2522 
# 2 147 1 2523 
# 2 148 1 2524 
# 2 149 1 2525 
# 2 150 1 2526 
# 1 2528 2 152 
# 1 2529 2 154 
# 1 2531 2 156 
# 1 2532 2 157 
# 1 2533 2 558 
# 2 562 1 2534 
# 2 564 1 2535 
# 2 565 1 2536 
# 2 569 1 2537 
# 2 576 1 2539 
# 2 579 1 2540 
# 2 586 1 2541 
# 2 590 1 2542 
# 1 2543 2 595 
# 1 2545 2 599 
# 1 2546 2 601 
# 1 2547 2 604 
# 1 2548 2 605 
# 2 610 1 2549 
# 2 275 1 2550 
# 2 276 1 2552 
# 2 277 1 2553 
# 2 278 1 2555 
# 2 279 1 2556 
# 1 2560 2 280 
# 1 2562 2 282 
# 1 2565 2 283 
# 1 2566 2 284 
# 1 2567 2 285 
# 1 2570 2 286 
# 2 288 1 2572 
# 2 289 1 2573 
# 1 2576 2 290 
# 2 291 1 2580 
# 2 292 1 2581 
# 2 293 1 2584 
# 2 294 1 2585 
# 1 2592 2 295 
# 1 2598 2 296 
# 2 297 1 2605 
# 1 2608 2 2573 
# 1 2610 2 2575 
# 2 2576 1 2611 
# 2 2577 1 2613 
# 2 2578 1 2614 
# 2 2579 1 2615 
# 2 2581 1 2616 
# 2 2583 1 2617 
# 2 2584 1 2618 
# 2 2585 1 2619 
# 2 2586 1 2620 
# 2 2589 1 2622 
# 1 2623 2 2590 
# 1 2624 2 2591 
# 2 2594 1 2625 
# 2 2595 1 2626 
# 2 2596 1 2627 
# 2 2597 1 2628 
# 2 2598 1 2629 
# 2 2601 1 2632 
# 2 2606 1 2637 
# 2 2607 1 2638 
# 1 2639 2 2611 
# 1 2643 2 2616 
# 1 2644 2 2617 
# 1 2645 2 2619 
# 1 2646 2 2620 
# 1 2647 2 2621 
# 2 2625 1 2648 
# 2 2626 1 2649 
# 1 2650 2 158 
# 1 2651 2 159 
# 2 161 1 2653 
# 2 163 1 2654 
# 1 2655 2 164 
# 1 2658 2 165 
# 1 2659 2 166 
# 1 2660 2 167 
# 1 2664 2 172 
# 1 2667 2 174 
# 1 2668 2 175 
# 2 176 1 2669 
# 2 177 1 2672 
# 2 178 1 2673 
# 2 179 1 2674 
# 2 180 1 2676 
# 2 181 1 2677 
# 2 182 1 2678 
# 2 183 1 2681 
# 2 184 1 2682 
# 2 185 1 2683 
# 2 186 1 2684 
# 2 187 1 2685 
# 1 2688 2 190 
# 1 2691 2 191 
# 2 192 1 2692 
# 2 193 1 2693 
# 2 194 1 2697 
# 2 196 1 2699 
# 2 197 1 2700 
# 2 199 1 2701 
# 1 2703 2 200 
# 1 2704 2 201 
# 1 2706 2 202 
# 1 2707 2 203 
# 1 2708 2 204 
# 1 2709 2 205 
# 1 2711 2 206 
# 1 2712 2 207 
# 2 209 1 2716 
# 2 210 1 2717 
# 2 1312 1 2718 
# 1 2720 2 1316 
# 1 2721 2 1318 
# 1 2722 2 1319 
# 1 2723 2 1321 
# 1 2724 2 1322 
# 1 2725 2 1323 
# 1 2726 2 1324 
# 1 2727 2 1327 
# 2 1328 1 2728 
# 2 1329 1 2729 
# 2 1330 1 2731 
# 2 1332 1 2732 
# 2 1333 1 2733 
# 2 1334 1 2734 
# 1 2735 2 1336 
# 1 2736 2 1337 
# 1 2737 2 1359 
# 2 1360 1 2738 
# 2 1361 1 2739 
# 2 1362 1 2740 
# 2 1364 1 2741 
# 2 1365 1 2742 
# 2 1366 1 2745 
# 2 1367 1 2746 
# 2 1368 1 2747 
# 2 1369 1 2748 
# 2 1370 1 2749 
# 2 1371 1 2750 
# 1 2752 2 1372 
# 1 2754 2 1373 
# 1 2755 2 1375 
# 2 1376 1 2756 
# 2 1378 1 2758 
# 2 1379 1 2759 
# 2 1380 1 2760 
# 2 1382 1 2761 
# 2 1383 1 2762 
# 2 1384 1 2763 
# 1 2767 2 1385 
# 1 2768 2 1951 
# 2 1955 1 2770 
# 2 1956 1 2771 
# 1 2772 2 1958 
# 1 2773 2 1959 
# 1 2774 2 1960 
# 1 2775 2 1963 
# 1 2776 2 1964 
# 1 2777 2 1965 
# 1 2778 2 1966 
# 1 2779 2 1967 
# 2 1968 1 2781 
# 2 1969 1 2782 
# 1 2783 2 1970 
# 1 2784 2 1971 
# 1 2786 2 1972 
# 1 2787 2 1973 
# 1 2788 2 1974 
# 2 260 1 2789 
# 2 261 1 2791 
# 2 262 1 2792 
# 2 263 1 2794 
# 2 264 1 2795 
# 2 265 1 2796 
# 1 2799 2 267 
# 1 2800 2 268 
# 1 2804 2 269 
# 1 2805 2 270 
# 1 2806 2 271 
# 2 272 1 2807 
# 2 273 1 2808 
# 2 274 1 2809 
# 2 402 1 2811 
# 2 403 1 2813 
# 2 404 1 2814 
# 1 2816 2 406 
# 1 2817 2 407 
# 1 2818 2 408 
# 1 2819 2 409 
# 1 2820 2 410 
# 1 2821 2 411 
# 1 2824 2 413 
# 1 2825 2 414 
# 1 2826 2 415 
# 2 416 1 2827 
# 2 418 1 2828 
# 2 419 1 2829 
# 2 420 1 2830 
# 1 2831 2 423 
# 1 2833 2 424 
# 1 2836 2 425 
# 1 2838 2 2046 
# 2 2048 1 2839 
# 2 2050 1 2841 
# 2 2052 1 2842 
# 2 2054 1 2843 
# 2 2056 1 2844 
# 2 2057 1 2845 
# 2 2059 1 2846 
# 1 2847 2 2061 
# 2 2064 1 2848 
# 2 1074 1 2849 
# 2 1075 1 2850 
# 1 2851 2 1077 
# 1 2852 2 1078 
# 1 2853 2 1079 
# 1 2854 2 1080 
# 1 2855 2 1081 
# 1 2856 2 1083 
# 1 2857 2 1085 
# 1 2858 2 1086 
# 1 2859 2 1087 
# 2 1091 1 2860 
# 2 1092 1 2861 
# 2 1093 1 2862 
# 1 2864 2 1094 
# 1 2865 2 1095 
# 1 2866 2 1097 
# 1 2867 2 1098 
# 1 2868 2 1099 
# 1 2869 2 1102 
# 1 2870 2 1103 
# 2 1104 1 2871 
# 2 1105 1 2873 
# 2 1106 1 2874 
# 2 1107 1 2878 
# 1 2879 2 1108 
# 1 2880 2 1109 
# 1 2882 2 1111 
# 1 2883 2 1112 
# 1 2885 2 1113 
# 1 2886 2 1115 
# 1 2887 2 1116 
# 1 2888 2 1118 
# 1 2889 2 1119 
# 2 1121 1 2891 
# 2 1122 1 2892 
# 2 635 1 2894 
# 1 2895 2 636 
# 1 2896 2 637 
# 1 2897 2 638 
# 1 2898 2 639 
# 2 640 1 2899 
# 2 642 1 2901 
# 2 643 1 2902 
# 2 644 1 2904 
# 2 645 1 2906 
# 2 646 1 2907 
# 2 647 1 2908 
# 2 648 1 2909 
# 2 649 1 2910 
# 1 2911 2 650 
# 1 2912 2 651 
# 1 2913 2 652 
# 1 2916 2 653 
# 1 2918 2 654 
# 1 2919 2 655 
# 2 656 1 2920 
