> 1 synthdata_0
> 2 synthdata_1
# 2 1 1 1 
# 2 3 1 2 
# 2 4 1 4 
# 2 5 1 5 
# 2 6 1 9 
# 2 7 1 13 
# 2 8 1 14 
# 1 16 2 9 
# 1 19 2 10 
# 1 20 2 11 
# 1 22 2 12 
# 1 23 2 13 
# 1 25 2 14 
# 1 26 2 15 
# 2 17 1 29 
# 1 32 2 18 
# 2 21 1 36 
# 2 22 1 40 
# 2 23 1 46 
# 1 51 2 24 
# 1 52 2 25 
# 1 53 2 26 
# 1 54 2 27 
# 1 55 2 28 
# 1 56 2 29 
# 1 57 2 30 
# 1 58 2 31 
# 2 32 1 59 
# 2 34 1 61 
# 2 35 1 62 
# 1 63 2 36 
# 1 64 2 38 
# 1 66 2 39 
# 1 67 2 40 
# 1 68 2 43 
# 1 72 2 44 
# 1 73 2 45 
# 1 74 2 46 
# 2 48 1 75 
# 2 49 1 76 
# 2 51 1 78 
# 1 79 2 52 
# 1 80 2 53 
# 1 81 2 54 
# 1 82 2 55 
# 1 83 2 56 
# 1 86 2 57 
# 1 88 2 58 
# 2 59 1 91 
# 2 60 1 93 
# 1 96 2 61 
# 1 98 2 63 
# 2 64 1 99 
# 2 65 1 100 
# 2 66 1 103 
# 2 67 1 105 
# 2 68 1 107 
# 2 69 1 108 
# 2 70 1 109 
# 2 71 1 110 
# 1 113 2 72 
# 1 118 2 73 
# 1 120 2 75 
# 1 121 2 76 
# 1 122 2 77 
# 1 123 2 78 
# 1 125 2 79 
# 2 80 1 128 
# 2 82 1 129 
# 2 83 1 130 
# 2 84 1 131 
# 2 86 1 133 
# 1 134 2 88 
# 1 135 2 89 
# 1 136 2 90 
# 1 137 2 91 
# 1 138 2 92 
# 1 139 2 94 
# 1 140 2 95 
# 2 97 1 141 
# 2 100 1 142 
# 1 143 2 101 
# 1 145 2 104 
# 1 146 2 105 
# 1 147 2 108 
# 1 148 2 109 
# 1 149 2 110 
# 2 114 1 150 
# 2 117 1 151 
# 2 118 1 152 
# 2 121 1 154 
# 1 155 2 125 
# 2 129 1 156 
# 2 130 1 158 
# 1 159 2 131 
# 1 160 2 132 
# 1 161 2 133 
# 1 163 2 135 
# 1 164 2 136 
# 1 165 2 139 
# 2 146 1 169 
# 2 147 1 171 
# 2 149 1 172 
# 2 150 1 174 
# 1 175 2 151 
# 1 176 2 152 
# 1 178 2 154 
# 1 179 2 155 
# 1 180 2 157 
# 1 181 2 159 
# 2 161 1 182 
# 2 163 1 183 
# 2 165 1 185 
# 2 167 1 186 
# 2 168 1 187 
# 2 171 1 188 
# 2 174 1 189 
# 2 175 1 190 
# 1 191 2 177 
# 1 192 2 179 
# 1 193 2 180 
# 1 194 2 184 
# 1 195 2 185 
# 1 196 2 187 
# 1 198 2 189 
# 1 201 2 191 
# 2 192 1 202 
# 2 194 1 203 
# 2 197 1 204 
# 2 198 1 205 
# 2 199 1 206 
# 1 207 2 200 
# 1 208 2 202 
# 1 209 2 203 
# 1 210 2 204 
# 1 212 2 206 
# 2 209 1 214 
# 2 212 1 216 
# 2 213 1 217 
# 2 215 1 218 
# 2 217 1 219 
# 2 218 1 221 
# 2 219 1 222 
# 1 223 2 220 
# 1 224 2 221 
# 2 224 1 225 
# 2 225 1 226 
# 2 226 1 227 
# 2 228 1 228 
# 2 229 1 229 
# 2 231 1 230 
# 1 231 2 233 
# 2 234 1 233 
# 2 235 1 235 
# 2 236 1 236 
# 1 240 2 237 
# 1 241 2 238 
# 1 243 2 239 
# 2 240 1 245 
# 2 241 1 247 
# 2 244 1 252 
# 1 255 2 245 
# 1 257 2 246 
# 2 247 1 262 
# 2 248 1 264 
# 2 249 1 267 
# 2 250 1 269 
# 1 272 2 251 
# 1 274 2 252 
# 1 276 2 253 
# 2 256 1 278 
# 2 257 1 279 
# 2 259 1 281 
# 2 260 1 282 
# 2 261 1 284 
# 2 262 1 285 
# 2 263 1 286 
# 1 287 2 265 
# 1 288 2 267 
# 1 289 2 269 
# 2 275 1 292 
# 2 278 1 293 
# 1 295 2 282 
# 1 296 2 284 
# 1 297 2 286 
# 2 288 1 298 
# 2 291 1 299 
# 2 295 1 300 
# 2 300 1 301 
# 2 304 1 303 
# 1 305 2 307 
# 1 306 2 309 
# 1 307 2 312 
# 1 308 2 313 
# 1 309 2 319 
# 2 323 1 310 
# 2 325 1 311 
# 1 312 2 330 
# 1 313 2 331 
# 1 314 2 332 
# 1 315 2 333 
# 1 316 2 334 
# 1 317 2 335 
# 2 337 1 318 
# 1 319 2 338 
# 1 320 2 340 
# 1 321 2 344 
# 1 322 2 345 
# 1 324 2 347 
# 1 325 2 348 
# 1 326 2 349 
# 1 327 2 351 
# 2 353 1 328 
# 2 355 1 330 
# 2 356 1 331 
# 2 357 1 332 
# 2 359 1 333 
# 2 361 1 334 
# 1 335 2 362 
# 1 336 2 363 
# 1 337 2 364 
# 1 338 2 365 
# 1 339 2 366 
# 1 340 2 367 
# 2 368 1 341 
# 2 369 1 343 
# 2 372 1 344 
# 2 373 1 345 
# 2 374 1 346 
# 2 375 1 347 
# 2 377 1 349 
# 2 379 1 350 
# 1 351 2 381 
# 1 353 2 382 
# 2 384 1 356 
# 2 385 1 357 
# 2 386 1 358 
# 2 387 1 359 
# 2 388 1 360 
# 2 391 1 361 
# 2 392 1 363 
# 2 393 1 364 
# 2 394 1 365 
# 1 369 2 395 
# 1 370 2 396 
# 1 371 2 397 
# 1 372 2 398 
# 1 375 2 399 
# 2 401 1 377 
# 2 402 1 378 
# 2 404 1 379 
# 2 405 1 381 
# 2 407 1 382 
# 1 383 2 408 
# 1 384 2 409 
# 1 385 2 410 
# 1 387 2 411 
# 1 388 2 414 
# 2 416 1 390 
# 2 417 1 391 
# 2 423 1 392 
# 2 424 1 393 
# 2 425 1 394 
# 2 426 1 395 
# 2 427 1 396 
# 2 428 1 398 
# 1 399 2 429 
# 1 400 2 431 
# 2 432 1 401 
# 2 434 1 403 
# 2 439 1 406 
# 2 440 1 407 
# 2 441 1 408 
# 1 409 2 444 
# 1 410 2 447 
# 2 448 1 412 
# 2 451 1 413 
# 2 453 1 414 
# 1 415 2 456 
# 1 416 2 459 
# 1 417 2 461 
# 1 419 2 462 
# 2 465 1 420 
# 2 466 1 421 
# 2 468 1 422 
# 2 471 1 423 
# 2 473 1 424 
# 2 474 1 425 
# 1 426 2 478 
# 1 427 2 479 
# 2 481 1 428 
# 2 483 1 429 
# 2 485 1 430 
# 1 431 2 488 
# 1 432 2 491 
# 1 434 2 492 
# 1 435 2 494 
# 2 499 1 436 
# 2 501 1 438 
# 2 504 1 439 
# 2 505 1 440 
# 2 506 1 441 
# 1 442 2 508 
# 1 443 2 509 
# 1 444 2 511 
# 2 512 1 445 
# 2 513 1 446 
# 1 447 2 514 
# 1 448 2 517 
# 1 449 2 519 
# 1 451 2 520 
# 1 453 2 522 
# 1 454 2 523 
# 1 455 2 526 
# 2 528 1 456 
# 2 530 1 460 
# 2 532 1 461 
# 2 533 1 462 
# 1 464 2 534 
# 1 465 2 535 
# 1 467 2 536 
# 1 468 2 537 
# 1 470 2 538 
# 1 471 2 539 
# 1 476 2 542 
# 1 477 2 543 
# 2 544 1 480 
# 2 545 1 484 
# 2 547 1 486 
# 2 548 1 487 
# 2 549 1 488 
# 2 550 1 490 
# 2 551 1 491 
# 2 552 1 492 
# 2 553 1 493 
# 2 554 1 494 
# 1 495 2 555 
# 1 496 2 556 
# 1 497 2 557 
# 1 498 2 558 
# 1 500 2 559 
# 2 560 1 501 
# 2 562 1 502 
# 2 563 1 503 
# 2 564 1 508 
# 2 565 1 509 
# 1 511 2 567 
# 1 512 2 569 
# 1 513 2 572 
# 1 514 2 573 
# 1 515 2 574 
# 1 516 2 575 
# 2 576 1 517 
# 2 577 1 518 
# 2 578 1 519 
# 2 579 1 521 
# 2 580 1 522 
# 2 581 1 523 
# 2 582 1 524 
# 2 583 1 525 
# 2 584 1 526 
# 1 527 2 585 
# 1 528 2 586 
# 1 529 2 587 
# 1 530 2 588 
# 1 531 2 589 
# 1 533 2 591 
# 2 592 1 534 
# 2 593 1 535 
# 2 595 1 537 
# 2 596 1 538 
# 2 597 1 539 
# 2 598 1 540 
# 2 602 1 541 
# 2 603 1 542 
# 1 543 2 604 
# 1 544 2 605 
# 1 546 2 607 
# 2 609 1 548 
# 2 611 1 549 
# 2 612 1 550 
# 2 614 1 551 
# 2 616 1 552 
# 2 617 1 553 
# 2 618 1 554 
# 2 619 1 555 
# 2 620 1 556 
# 2 623 1 558 
# 2 624 1 559 
# 1 560 2 626 
# 1 561 2 627 
# 1 562 2 629 
# 1 563 2 630 
# 1 564 2 632 
# 1 565 2 633 
# 1 566 2 634 
# 1 567 2 635 
# 1 568 2 636 
# 1 569 2 637 
# 2 642 1 571 
# 2 645 1 572 
# 2 646 1 573 
# 2 648 1 574 
# 1 577 2 649 
# 1 583 2 650 
# 2 652 1 587 
# 2 653 1 589 
# 1 592 2 654 
# 2 656 1 595 
# 2 657 1 597 
# 2 659 1 600 
# 2 660 1 602 
# 2 661 1 606 
# 1 607 2 662 
# 1 610 2 664 
# 1 612 2 665 
# 1 614 2 666 
# 2 667 1 618 
# 2 668 1 620 
# 2 669 1 621 
# 1 624 2 671 
# 2 673 1 627 
# 2 674 1 628 
# 2 675 1 631 
# 2 676 1 634 
# 2 677 1 636 
# 2 678 1 638 
# 1 639 2 679 
# 1 640 2 680 
# 1 641 2 681 
# 1 642 2 682 
# 1 643 2 683 
# 1 645 2 685 
# 1 646 2 686 
# 2 689 1 647 
# 2 691 1 649 
# 2 692 1 650 
# 2 693 1 651 
# 2 695 1 653 
# 2 696 1 654 
# 1 655 2 697 
# 1 656 2 699 
# 1 658 2 700 
# 1 659 2 701 
# 1 660 2 702 
# 1 662 2 703 
# 2 704 1 663 
# 2 705 1 664 
# 2 706 1 666 
# 2 707 1 667 
# 2 708 1 668 
# 2 709 1 669 
# 2 711 1 670 
# 1 671 2 712 
# 1 672 2 713 
# 1 673 2 717 
# 1 674 2 718 
# 1 675 2 719 
# 2 720 1 676 
# 2 721 1 677 
# 2 723 1 679 
# 2 724 1 680 
# 2 725 1 681 
# 2 726 1 682 
# 2 727 1 683 
# 2 728 1 684 
# 2 729 1 686 
# 1 689 2 730 
# 1 693 2 732 
# 1 695 2 733 
# 1 697 2 734 
# 1 699 2 735 
# 2 736 1 701 
# 1 703 2 737 
# 2 738 1 706 
# 2 739 1 707 
# 2 741 1 710 
# 2 742 1 712 
# 2 743 1 714 
# 2 744 1 716 
# 2 745 1 717 
# 1 719 2 746 
# 1 723 2 747 
# 1 730 2 748 
# 2 749 1 733 
# 1 737 2 751 
# 2 752 1 740 
# 2 753 1 744 
# 2 755 1 745 
# 2 756 1 746 
# 2 757 1 747 
# 2 758 1 748 
# 2 759 1 749 
# 2 761 1 750 
# 1 751 2 762 
# 1 753 2 764 
# 1 754 2 765 
# 1 755 2 766 
# 1 756 2 767 
# 2 768 1 757 
# 2 769 1 758 
# 2 770 1 759 
# 2 771 1 760 
# 2 774 1 762 
# 2 776 1 763 
# 2 777 1 764 
# 2 778 1 765 
# 2 781 1 766 
# 1 767 2 782 
# 2 784 1 768 
# 2 785 1 769 
# 2 786 1 770 
# 2 790 1 773 
# 2 791 1 774 
# 2 793 1 776 
# 1 777 2 796 
# 1 778 2 797 
# 2 801 1 782 
# 1 784 2 802 
# 1 785 2 804 
# 1 786 2 805 
# 1 787 2 806 
# 1 789 2 807 
# 2 808 1 791 
# 2 809 1 792 
# 2 810 1 793 
# 2 811 1 794 
# 2 812 1 795 
# 2 813 1 797 
# 2 814 1 798 
# 1 799 2 815 
# 2 816 1 800 
# 2 817 1 801 
# 2 818 1 802 
# 2 820 1 803 
# 2 821 1 804 
# 2 822 1 805 
# 2 824 1 807 
# 1 809 2 827 
# 1 810 2 828 
# 2 829 1 812 
# 2 830 1 813 
# 2 831 1 814 
# 2 832 1 816 
# 2 833 1 817 
# 2 835 1 819 
# 2 837 1 820 
# 2 838 1 822 
# 2 839 1 823 
# 2 840 1 825 
# 2 843 1 826 
# 2 844 1 827 
# 2 845 1 828 
# 2 846 1 829 
# 1 831 2 847 
# 2 848 1 832 
# 2 850 1 834 
# 2 851 1 835 
# 2 852 1 837 
# 2 853 1 838 
# 2 854 1 839 
# 2 855 1 841 
# 2 856 1 842 
# 2 857 1 844 
# 2 858 1 845 
# 2 859 1 846 
# 1 847 2 860 
# 1 848 2 861 
# 1 849 2 862 
# 1 850 2 863 
# 2 864 1 851 
# 2 865 1 852 
# 2 867 1 853 
# 2 869 1 854 
# 2 872 1 855 
# 2 873 1 856 
# 2 874 1 858 
# 2 875 1 859 
# 2 876 1 860 
# 2 877 1 861 
# 2 878 1 862 
# 2 880 1 866 
# 2 881 1 867 
# 2 882 1 868 
# 2 884 1 869 
# 2 886 1 870 
# 1 871 2 889 
# 1 872 2 890 
# 1 873 2 891 
# 1 875 2 893 
# 1 876 2 895 
# 2 896 1 877 
# 2 897 1 878 
# 1 879 2 899 
# 1 880 2 900 
# 1 881 2 901 
# 1 882 2 902 
# 1 884 2 903 
# 1 885 2 904 
# 1 886 2 905 
# 1 888 2 906 
# 2 908 1 891 
# 2 909 1 892 
# 2 910 1 893 
# 2 911 1 894 
# 2 912 1 898 
# 2 913 1 899 
# 2 914 1 900 
# 2 915 1 901 
# 2 916 1 902 
# 2 917 1 903 
# 2 918 1 904 
# 2 919 1 905 
# 2 920 1 906 
# 2 921 1 907 
# 2 923 1 908 
# 2 924 1 909 
# 2 925 1 910 
# 1 911 2 926 
# 2 928 1 912 
# 2 929 1 913 
# 2 930 1 914 
# 2 931 1 916 
# 2 933 1 917 
# 2 934 1 918 
# 2 935 1 919 
# 2 936 1 920 
# 2 937 1 921 
# 2 938 1 923 
# 2 939 1 924 
# 2 940 1 925 
# 2 941 1 926 
# 1 928 2 943 
# 2 944 1 930 
# 2 946 1 931 
# 2 947 1 932 
# 2 948 1 934 
# 2 949 1 936 
# 2 950 1 937 
# 2 951 1 938 
# 2 952 1 939 
# 2 953 1 941 
# 1 943 2 954 
# 1 945 2 956 
# 1 947 2 957 
# 1 948 2 959 
# 2 961 1 949 
# 2 962 1 950 
# 2 963 1 951 
# 2 964 1 952 
# 2 967 1 954 
# 2 968 1 955 
# 2 973 1 957 
# 1 959 2 975 
# 2 976 1 960 
# 2 977 1 962 
# 2 979 1 963 
# 2 980 1 964 
# 2 981 1 965 
# 1 966 2 986 
# 1 967 2 987 
# 1 968 2 990 
# 1 969 2 991 
# 2 992 1 971 
# 2 994 1 972 
# 2 995 1 973 
# 2 996 1 974 
# 1 976 2 998 
# 1 977 2 999 
# 1 978 2 1000 
# 1 979 2 1001 
# 1 980 2 1002 
# 1 981 2 1003 
# 1 982 2 1004 
# 1 983 2 1005 
# 1 984 2 1006 
# 2 1008 1 986 
# 2 1009 1 988 
# 2 1010 1 989 
# 2 1011 1 990 
# 1 991 2 1012 
# 1 992 2 1014 
# 1 993 2 1015 
# 1 994 2 1016 
# 1 995 2 1017 
# 1 996 2 1018 
# 1 998 2 1019 
# 1 999 2 1020 
# 1 1000 2 1021 
# 1 1001 2 1022 
# 1 1002 2 1023 
# 2 1024 1 1003 
# 2 1026 1 1006 
# 1 1008 2 1027 
# 1 1009 2 1028 
# 1 1010 2 1029 
# 1 1012 2 1032 
# 1 1013 2 1033 
# 1 1014 2 1034 
# 1 1015 2 1035 
# 1 1016 2 1036 
# 1 1017 2 1037 
# 1 1019 2 1039 
# 2 1040 1 1020 
# 2 1041 1 1021 
# 2 1042 1 1022 
# 1 1023 2 1043 
# 1 1024 2 1044 
# 1 1025 2 1046 
# 1 1026 2 1047 
# 1 1027 2 1048 
# 1 1028 2 1050 
# 1 1029 2 1051 
# 1 1030 2 1053 
# 2 1056 1 1031 
# 2 1057 1 1032 
# 2 1058 1 1034 
# 2 1060 1 1036 
# 2 1062 1 1037 
# 1 1039 2 1064 
# 1 1040 2 1065 
# 1 1041 2 1070 
# 2 1072 1 1043 
# 2 1073 1 1044 
# 2 1076 1 1045 
# 2 1077 1 1046 
# 2 1079 1 1047 
# 2 1081 1 1048 
# 2 1083 1 1050 
# 1 1051 2 1085 
# 1 1052 2 1087 
# 2 1089 1 1054 
# 1 1055 2 1090 
# 1 1056 2 1092 
# 1 1058 2 1093 
# 1 1060 2 1095 
# 1 1061 2 1096 
# 1 1062 2 1097 
# 1 1063 2 1098 
# 1 1064 2 1099 
# 1 1065 2 1100 
# 1 1066 2 1102 
# 1 1067 2 1103 
# 2 1105 1 1068 
# 2 1106 1 1070 
# 1 1071 2 1107 
# 1 1072 2 1108 
# 1 1074 2 1110 
# 1 1075 2 1111 
# 1 1076 2 1112 
# 1 1077 2 1114 
# 1 1078 2 1115 
# 1 1080 2 1117 
# 1 1081 2 1118 
# 1 1082 2 1119 
# 2 1121 1 1084 
# 2 1122 1 1085 
# 2 1123 1 1086 
# 1 1088 2 1125 
# 1 1089 2 1126 
# 1 1091 2 1128 
# 1 1092 2 1130 
# 1 1093 2 1132 
# 1 1094 2 1133 
# 2 1142 1 1099 
# 2 1144 1 1100 
# 2 1145 1 1101 
# 2 1148 1 1102 
# 1 1103 2 1149 
# 1 1104 2 1151 
# 2 1152 1 1105 
# 2 1154 1 1106 
# 2 1155 1 1107 
# 1 1108 2 1158 
# 1 1109 2 1160 
# 1 1110 2 1163 
# 1 1111 2 1165 
# 2 1168 1 1112 
# 2 1170 1 1113 
# 2 1176 1 1114 
# 2 1178 1 1117 
# 2 1181 1 1118 
# 1 1119 2 1183 
# 2 1185 1 1120 
# 1 1121 2 1190 
# 1 1122 2 1191 
# 1 1123 2 1192 
# 1 1125 2 1196 
# 1 1126 2 1197 
# 1 1127 2 1198 
# 2 1203 1 1128 
# 2 1204 1 1129 
# 2 1205 1 1130 
# 2 1206 1 1131 
# 2 1208 1 1132 
# 2 1213 1 1133 
# 2 1214 1 1134 
# 1 1135 2 1215 
# 1 1136 2 1220 
# 1 1137 2 1221 
# 1 1139 2 1222 
# 1 1140 2 1227 
# 1 1141 2 1231 
# 2 1236 1 1142 
# 2 1237 1 1143 
# 2 1239 1 1144 
# 1 1145 2 1243 
# 2 1249 1 1146 
# 2 1251 1 1148 
# 2 1252 1 1149 
# 1 1151 2 1259 
# 1 1153 2 1263 
# 2 1265 1 1154 
# 2 1266 1 1155 
# 2 1267 1 1156 
# 2 1268 1 1157 
# 1 1158 2 1272 
# 1 1159 2 1273 
# 1 1160 2 1274 
# 1 1161 2 1275 
# 1 1162 2 1276 
# 1 1169 2 1277 
# 1 1172 2 1279 
# 2 1280 1 1174 
# 2 1281 1 1176 
# 2 1282 1 1178 
# 2 1283 1 1181 
# 1 1184 2 1284 
# 1 1187 2 1286 
# 1 1188 2 1287 
# 1 1191 2 1289 
# 1 1192 2 1290 
# 2 1291 1 1196 
# 1 1200 2 1292 
# 1 1204 2 1293 
# 1 1207 2 1294 
# 1 1208 2 1295 
# 2 1296 1 1212 
# 2 1297 1 1213 
# 1 1215 2 1298 
# 2 1299 1 1218 
# 2 1300 1 1220 
# 2 1301 1 1222 
# 2 1303 1 1224 
# 2 1304 1 1226 
# 2 1306 1 1227 
# 1 1231 2 1307 
# 1 1232 2 1308 
# 1 1235 2 1309 
# 1 1237 2 1310 
# 1 1240 2 1311 
# 2 1312 1 1242 
# 2 1313 1 1244 
# 2 1314 1 1246 
# 1 1247 2 1315 
# 1 1248 2 1316 
# 1 1249 2 1317 
# 1 1251 2 1318 
# 1 1252 2 1319 
# 2 1320 1 1255 
# 2 1321 1 1257 
# 2 1323 1 1258 
# 2 1324 1 1259 
# 2 1325 1 1261 
# 2 1326 1 1262 
# 1 1263 2 1327 
# 1 1265 2 1331 
# 1 1266 2 1335 
# 1 1267 2 1338 
# 1 1268 2 1341 
# 1 1269 2 1342 
# 2 1346 1 1271 
# 2 1349 1 1272 
# 2 1353 1 1273 
# 1 1274 2 1357 
# 2 1362 1 1275 
# 2 1369 1 1276 
# 2 1374 1 1277 
# 2 1375 1 1278 
# 1 1279 2 1379 
# 1 1281 2 1380 
# 1 1283 2 1382 
# 1 1284 2 1383 
# 1 1286 2 1384 
# 1 1287 2 1385 
# 1 1290 2 1388 
# 1 1291 2 1389 
# 1 1292 2 1390 
# 1 1293 2 1391 
# 2 1392 1 1294 
# 2 1393 1 1296 
# 2 1395 1 1298 
# 2 1396 1 1300 
# 2 1398 1 1302 
# 2 1399 1 1303 
# 2 1400 1 1304 
# 2 1401 1 1306 
# 2 1402 1 1307 
# 2 1404 1 1309 
# 2 1405 1 1310 
# 1 1311 2 1406 
# 2 1408 1 1312 
# 2 1410 1 1313 
# 1 1314 2 1414 
# 1 1317 2 1418 
# 1 1319 2 1421 
# 2 1424 1 1320 
# 2 1426 1 1321 
# 2 1433 1 1324 
# 2 1434 1 1325 
# 2 1435 1 1326 
# 1 1329 2 1437 
# 1 1331 2 1438 
# 1 1332 2 1439 
# 2 1442 1 1334 
# 2 1443 1 1335 
# 2 1444 1 1336 
# 2 1445 1 1338 
# 2 1447 1 1339 
# 2 1448 1 1341 
# 1 1343 2 1449 
# 1 1344 2 1450 
# 1 1345 2 1451 
# 1 1346 2 1452 
# 1 1347 2 1453 
# 2 1456 1 1348 
# 2 1457 1 1349 
# 2 1459 1 1352 
# 2 1461 1 1353 
# 2 1462 1 1354 
# 2 1463 1 1355 
# 2 1465 1 1357 
# 2 1466 1 1358 
# 1 1360 2 1469 
# 2 1472 1 1361 
# 2 1475 1 1362 
# 1 1363 2 1478 
# 2 1488 1 1364 
# 2 1494 1 1365 
# 1 1367 2 1503 
# 2 1507 1 1369 
# 2 1509 1 1370 
# 2 1514 1 1371 
# 1 1372 2 1518 
# 2 1520 1 1373 
# 2 1522 1 1374 
# 1 1375 2 1523 
# 1 1377 2 1530 
# 1 1378 2 1531 
# 1 1379 2 1535 
# 2 1540 1 1381 
# 2 1541 1 1382 
# 2 1542 1 1383 
# 2 1543 1 1384 
# 2 1544 1 1385 
# 2 1546 1 1386 
# 2 1547 1 1387 
# 2 1549 1 1388 
# 2 1550 1 1389 
# 2 1552 1 1392 
# 2 1553 1 1393 
# 2 1554 1 1394 
# 2 1555 1 1395 
# 2 1558 1 1397 
# 2 1561 1 1403 
# 2 1563 1 1404 
# 1 1405 2 1567 
# 2 1569 1 1406 
# 1 1407 2 1572 
# 1 1409 2 1578 
# 1 1410 2 1581 
# 2 1584 1 1411 
# 2 1586 1 1412 
# 2 1588 1 1414 
# 2 1589 1 1415 
# 2 1592 1 1416 
# 1 1417 2 1596 
# 2 1601 1 1419 
# 2 1604 1 1421 
# 1 1423 2 1605 
# 1 1426 2 1608 
# 1 1427 2 1609 
# 1 1428 2 1610 
# 1 1429 2 1612 
# 1 1430 2 1614 
# 1 1431 2 1615 
# 2 1616 1 1432 
# 2 1617 1 1433 
# 2 1618 1 1434 
# 2 1619 1 1435 
# 2 1620 1 1436 
# 2 1621 1 1437 
# 1 1439 2 1622 
# 1 1440 2 1624 
# 1 1441 2 1625 
# 1 1442 2 1626 
# 1 1443 2 1627 
# 1 1444 2 1628 
# 1 1445 2 1629 
# 1 1447 2 1630 
# 2 1632 1 1449 
# 2 1633 1 1452 
# 2 1636 1 1454 
# 1 1457 2 1638 
# 1 1458 2 1639 
# 1 1461 2 1640 
# 1 1462 2 1642 
# 2 1643 1 1467 
# 2 1644 1 1468 
# 2 1645 1 1469 
# 2 1648 1 1471 
# 2 1649 1 1472 
# 1 1473 2 1651 
# 1 1474 2 1652 
# 1 1475 2 1653 
# 1 1476 2 1654 
# 1 1478 2 1656 
# 1 1479 2 1658 
# 1 1480 2 1661 
# 1 1481 2 1662 
# 1 1484 2 1663 
# 2 1664 1 1485 
# 2 1665 1 1486 
# 1 1487 2 1666 
# 1 1489 2 1667 
# 1 1490 2 1668 
# 2 1670 1 1494 
# 2 1671 1 1495 
# 2 1675 1 1498 
# 2 1682 1 1499 
# 2 1685 1 1500 
# 2 1697 1 1501 
# 1 1503 2 1709 
# 1 1504 2 1710 
# 1 1506 2 1716 
# 1 1507 2 1719 
# 1 1508 2 1721 
# 1 1510 2 1724 
# 1 1511 2 1726 
# 2 1728 1 1513 
# 2 1730 1 1514 
# 2 1731 1 1515 
# 2 1732 1 1516 
# 2 1733 1 1517 
# 2 1735 1 1518 
# 1 1519 2 1736 
# 1 1520 2 1738 
# 1 1521 2 1739 
# 1 1522 2 1742 
# 2 1745 1 1523 
# 2 1747 1 1525 
# 2 1749 1 1526 
# 2 1752 1 1527 
# 1 1529 2 1756 
# 1 1530 2 1757 
# 2 1764 1 1533 
# 1 1535 2 1768 
# 2 1778 1 1537 
# 1 1538 2 1780 
# 1 1539 2 1782 
# 1 1543 2 1785 
# 1 1544 2 1789 
# 1 1545 2 1790 
# 2 1793 1 1546 
# 2 1794 1 1547 
# 2 1797 1 1548 
# 2 1798 1 1549 
# 2 1799 1 1550 
# 1 1551 2 1800 
# 1 1552 2 1801 
# 1 1553 2 1802 
# 1 1555 2 1804 
# 1 1557 2 1805 
# 2 1809 1 1559 
# 2 1812 1 1560 
# 2 1813 1 1561 
# 2 1814 1 1563 
# 1 1567 2 1815 
# 1 1568 2 1816 
# 1 1570 2 1818 
# 1 1572 2 1819 
# 1 1575 2 1820 
# 1 1578 2 1821 
# 1 1580 2 1822 
# 2 1823 1 1582 
# 2 1824 1 1583 
# 2 1826 1 1585 
# 2 1827 1 1586 
# 2 1828 1 1588 
# 2 1829 1 1589 
# 2 1830 1 1590 
# 2 1831 1 1591 
# 2 1832 1 1594 
# 2 1833 1 1595 
# 2 1834 1 1596 
# 2 1835 1 1598 
# 1 1599 2 1836 
# 1 1601 2 1837 
# 1 1602 2 1838 
# 1 1603 2 1839 
# 2 1840 1 1604 
# 2 1841 1 1605 
# 2 1842 1 1606 
# 2 1843 1 1607 
# 2 1845 1 1608 
# 2 1847 1 1610 
# 2 1848 1 1612 
# 2 1849 1 1613 
# 2 1850 1 1614 
# 1 1615 2 1851 
# 1 1616 2 1852 
# 1 1617 2 1853 
# 1 1618 2 1854 
# 1 1619 2 1855 
# 2 1857 1 1620 
# 2 1858 1 1621 
# 2 1860 1 1622 
# 2 1861 1 1623 
# 2 1863 1 1624 
# 2 1864 1 1625 
# 2 1866 1 1627 
# 2 1867 1 1628 
# 2 1869 1 1629 
# 2 1870 1 1630 
# 2 1872 1 1631 
# 1 1633 2 1875 
# 1 1634 2 1877 
# 1 1635 2 1878 
# 1 1636 2 1881 
# 1 1637 2 1882 
# 1 1638 2 1885 
# 1 1639 2 1886 
# 1 1640 2 1887 
# 2 1888 1 1641 
# 2 1890 1 1642 
# 2 1892 1 1643 
# 2 1893 1 1644 
# 1 1647 2 1896 
# 1 1648 2 1898 
# 1 1649 2 1900 
# 2 1905 1 1651 
# 2 1907 1 1653 
# 2 1908 1 1659 
# 2 1909 1 1662 
# 1 1668 2 1911 
# 1 1669 2 1912 
# 2 1913 1 1672 
# 2 1915 1 1674 
# 2 1916 1 1677 
# 1 1680 2 1917 
# 1 1683 2 1918 
# 1 1685 2 1919 
# 2 1920 1 1686 
# 2 1921 1 1688 
# 2 1924 1 1692 
# 1 1695 2 1925 
# 1 1697 2 1926 
# 1 1699 2 1927 
# 2 1929 1 1704 
# 2 1930 1 1708 
# 2 1931 1 1710 
# 1 1711 2 1932 
# 1 1712 2 1933 
# 1 1717 2 1934 
# 1 1719 2 1935 
# 2 1936 1 1723 
# 2 1938 1 1729 
# 2 1939 1 1730 
# 2 1940 1 1731 
# 1 1732 2 1942 
# 1 1735 2 1945 
# 1 1736 2 1946 
# 1 1737 2 1947 
# 1 1738 2 1948 
# 1 1739 2 1949 
# 1 1740 2 1950 
# 2 1951 1 1742 
# 2 1952 1 1743 
# 2 1953 1 1744 
# 2 1954 1 1745 
# 1 1746 2 1956 
# 2 1957 1 1748 
# 2 1958 1 1749 
# 2 1959 1 1750 
# 2 1960 1 1751 
# 2 1961 1 1752 
# 2 1962 1 1755 
# 2 1963 1 1757 
# 1 1760 2 1964 
# 1 1761 2 1965 
# 1 1765 2 1966 
# 1 1766 2 1967 
# 2 1968 1 1771 
# 2 1971 1 1778 
# 2 1972 1 1779 
# 2 1973 1 1783 
# 2 1974 1 1784 
# 2 1976 1 1788 
# 1 1792 2 1977 
# 1 1793 2 1978 
# 1 1797 2 1979 
# 1 1799 2 1980 
# 1 1801 2 1981 
# 2 1982 1 1805 
# 2 1984 1 1809 
# 2 1985 1 1810 
# 2 1986 1 1813 
# 2 1987 1 1814 
# 2 1988 1 1816 
# 2 1989 1 1817 
# 2 1991 1 1820 
# 2 1992 1 1821 
# 2 1994 1 1822 
# 1 1823 2 1995 
# 1 1824 2 1996 
# 1 1825 2 1998 
# 1 1826 2 1999 
# 2 2000 1 1827 
# 2 2002 1 1828 
# 2 2003 1 1829 
# 2 2004 1 1830 
# 2 2005 1 1831 
# 2 2006 1 1832 
# 2 2008 1 1833 
# 2 2011 1 1835 
# 1 1836 2 2014 
# 1 1837 2 2015 
# 1 1839 2 2021 
# 1 1840 2 2022 
# 1 1841 2 2023 
# 1 1842 2 2024 
# 1 1843 2 2026 
# 1 1844 2 2028 
# 1 1845 2 2031 
# 2 2032 1 1846 
# 2 2034 1 1847 
# 2 2035 1 1848 
# 2 2037 1 1849 
# 2 2038 1 1850 
# 2 2039 1 1851 
# 2 2040 1 1852 
# 2 2041 1 1853 
# 1 1855 2 2043 
# 1 1857 2 2045 
# 1 1858 2 2046 
# 2 2050 1 1860 
# 2 2051 1 1861 
# 2 2052 1 1862 
# 2 2056 1 1863 
# 1 1864 2 2058 
# 2 2059 1 1869 
# 2 2060 1 1870 
# 1 1871 2 2061 
# 1 1872 2 2062 
# 2 2065 1 1873 
# 2 2067 1 1874 
# 1 1875 2 2069 
# 1 1876 2 2072 
# 1 1879 2 2073 
# 1 1880 2 2075 
# 1 1881 2 2076 
# 1 1882 2 2077 
# 1 1884 2 2078 
# 1 1885 2 2079 
# 2 2081 1 1888 
# 2 2082 1 1889 
# 2 2083 1 1890 
# 2 2084 1 1891 
# 1 1892 2 2086 
# 1 1893 2 2087 
# 2 2088 1 1895 
# 2 2089 1 1896 
# 2 2090 1 1897 
# 2 2091 1 1898 
# 2 2093 1 1900 
# 2 2094 1 1901 
# 2 2095 1 1902 
# 2 2096 1 1903 
# 2 2097 1 1904 
# 2 2099 1 1906 
# 2 2101 1 1910 
# 2 2102 1 1911 
# 2 2103 1 1913 
# 1 1919 2 2104 
# 1 1920 2 2105 
# 1 1921 2 2106 
# 1 1923 2 2107 
# 1 1925 2 2108 
# 1 1927 2 2109 
# 1 1928 2 2110 
# 1 1929 2 2111 
# 2 2113 1 1930 
# 2 2114 1 1931 
# 2 2115 1 1933 
# 1 1935 2 2117 
# 1 1936 2 2118 
# 1 1937 2 2119 
# 1 1938 2 2120 
# 1 1940 2 2121 
# 1 1942 2 2122 
# 1 1943 2 2123 
# 1 1945 2 2126 
# 1 1946 2 2127 
# 2 2128 1 1947 
# 2 2129 1 1948 
# 2 2130 1 1949 
# 2 2131 1 1950 
# 1 1951 2 2132 
# 1 1952 2 2135 
# 1 1953 2 2136 
# 1 1954 2 2138 
# 1 1955 2 2139 
# 1 1956 2 2141 
# 2 2145 1 1957 
# 2 2146 1 1958 
# 2 2149 1 1962 
# 2 2151 1 1963 
# 2 2152 1 1964 
# 2 2153 1 1965 
# 2 2155 1 1966 
# 1 1967 2 2156 
# 1 1968 2 2157 
# 1 1969 2 2159 
# 2 2160 1 1970 
# 2 2162 1 1971 
# 2 2163 1 1972 
# 2 2164 1 1973 
# 2 2166 1 1974 
# 2 2167 1 1975 
# 2 2168 1 1976 
# 2 2170 1 1977 
# 2 2171 1 1978 
# 1 1979 2 2174 
# 1 1980 2 2175 
# 2 2179 1 1981 
# 2 2180 1 1982 
# 1 1983 2 2183 
# 1 1984 2 2184 
# 1 1985 2 2185 
# 1 1986 2 2187 
# 1 1987 2 2188 
# 1 1988 2 2190 
# 1 1989 2 2191 
# 2 2193 1 1990 
# 2 2194 1 1991 
# 2 2195 1 1992 
# 2 2196 1 1993 
# 2 2198 1 1994 
# 2 2202 1 1995 
# 2 2204 1 1996 
# 1 1997 2 2207 
# 2 2208 1 1998 
# 1 1999 2 2210 
# 1 2001 2 2212 
# 1 2003 2 2215 
# 1 2005 2 2219 
# 1 2006 2 2220 
# 1 2007 2 2223 
# 2 2224 1 2008 
# 2 2226 1 2009 
# 2 2227 1 2010 
# 2 2228 1 2011 
# 2 2229 1 2012 
# 2 2230 1 2013 
# 2 2231 1 2014 
# 1 2015 2 2232 
# 1 2016 2 2233 
# 1 2017 2 2234 
# 1 2018 2 2236 
# 1 2019 2 2237 
# 1 2021 2 2238 
# 1 2022 2 2239 
# 2 2243 1 2023 
# 2 2244 1 2024 
# 2 2247 1 2025 
# 2 2248 1 2026 
# 2 2249 1 2027 
# 2 2250 1 2029 
# 2 2251 1 2030 
# 1 2031 2 2252 
# 1 2033 2 2253 
# 1 2034 2 2255 
# 2 2258 1 2036 
# 2 2260 1 2037 
# 2 2261 1 2039 
# 2 2262 1 2040 
# 2 2263 1 2041 
# 2 2264 1 2042 
# 1 2044 2 2270 
# 1 2045 2 2271 
# 2 2276 1 2046 
# 1 2048 2 2279 
# 1 2049 2 2283 
# 1 2050 2 2286 
# 2 2291 1 2051 
# 1 2052 2 2295 
# 1 2053 2 2300 
# 2 2304 1 2055 
# 2 2309 1 2056 
# 2 2310 1 2057 
# 2 2313 1 2058 
# 1 2059 2 2318 
# 1 2060 2 2319 
# 2 2326 1 2061 
# 2 2327 1 2062 
# 1 2063 2 2332 
# 1 2067 2 2334 
# 2 2336 1 2071 
# 2 2337 1 2074 
# 2 2338 1 2075 
# 2 2340 1 2078 
# 1 2081 2 2341 
# 2 2342 1 2086 
# 2 2343 1 2087 
# 2 2344 1 2089 
# 2 2345 1 2091 
# 1 2096 2 2346 
# 1 2100 2 2347 
# 1 2101 2 2348 
# 1 2106 2 2350 
# 1 2107 2 2351 
# 2 2352 1 2109 
# 2 2353 1 2110 
# 2 2354 1 2113 
# 2 2355 1 2114 
# 2 2356 1 2115 
# 2 2357 1 2120 
# 2 2358 1 2121 
# 2 2360 1 2124 
# 2 2361 1 2125 
# 2 2364 1 2126 
# 1 2127 2 2365 
# 1 2128 2 2367 
# 2 2368 1 2129 
# 2 2369 1 2131 
# 2 2371 1 2135 
# 2 2373 1 2136 
# 2 2375 1 2138 
# 2 2377 1 2139 
# 2 2379 1 2141 
# 1 2144 2 2381 
# 1 2145 2 2382 
# 2 2384 1 2146 
# 2 2386 1 2147 
# 2 2389 1 2148 
# 1 2149 2 2391 
# 1 2150 2 2392 
# 2 2393 1 2152 
# 2 2394 1 2153 
# 2 2395 1 2154 
# 2 2396 1 2155 
# 1 2156 2 2399 
# 2 2402 1 2158 
# 1 2159 2 2403 
# 1 2160 2 2404 
# 1 2161 2 2405 
# 1 2163 2 2409 
# 1 2165 2 2412 
# 1 2166 2 2413 
# 1 2167 2 2414 
# 1 2169 2 2415 
# 2 2416 1 2170 
# 2 2418 1 2171 
# 2 2419 1 2173 
# 2 2420 1 2174 
# 1 2175 2 2421 
# 1 2178 2 2426 
# 1 2180 2 2429 
# 1 2181 2 2430 
# 2 2432 1 2182 
# 2 2433 1 2183 
# 2 2436 1 2184 
# 2 2438 1 2186 
# 2 2440 1 2187 
# 2 2441 1 2188 
# 2 2444 1 2189 
# 2 2449 1 2190 
# 1 2191 2 2451 
# 1 2192 2 2452 
# 1 2193 2 2455 
# 1 2194 2 2456 
# 1 2195 2 2457 
# 1 2196 2 2458 
# 1 2197 2 2461 
# 1 2198 2 2462 
# 2 2465 1 2199 
# 2 2468 1 2201 
# 2 2469 1 2202 
# 2 2471 1 2203 
# 2 2473 1 2204 
# 2 2474 1 2205 
# 1 2207 2 2481 
# 1 2208 2 2482 
# 1 2209 2 2484 
# 1 2210 2 2487 
# 1 2211 2 2489 
# 1 2213 2 2492 
# 1 2214 2 2493 
# 1 2215 2 2494 
# 1 2216 2 2495 
# 2 2496 1 2217 
# 2 2497 1 2218 
# 2 2498 1 2219 
# 2 2499 1 2220 
# 2 2500 1 2221 
# 2 2501 1 2222 
# 1 2223 2 2502 
# 1 2224 2 2503 
# 1 2225 2 2504 
# 1 2226 2 2505 
# 1 2227 2 2506 
# 1 2228 2 2507 
# 1 2229 2 2509 
# 1 2230 2 2510 
# 1 2231 2 2511 
# 2 2513 1 2232 
# 2 2514 1 2233 
# 2 2516 1 2234 
# 2 2517 1 2236 
# 2 2518 1 2238 
# 1 2239 2 2519 
# 1 2241 2 2521 
# 1 2242 2 2522 
# 1 2244 2 2523 
# 1 2246 2 2524 
# 1 2248 2 2526 
# 1 2249 2 2527 
# 2 2532 1 2252 
# 2 2533 1 2253 
# 2 2534 1 2254 
# 1 2255 2 2535 
# 1 2256 2 2536 
# 1 2257 2 2537 
# 1 2259 2 2541 
# 1 2260 2 2542 
# 1 2263 2 2543 
# 2 2544 1 2264 
# 2 2545 1 2265 
# 2 2546 1 2266 
# 2 2547 1 2267 
# 2 2548 1 2268 
# 2 2550 1 2269 
# 2 2551 1 2270 
# 1 2271 2 2552 
# 1 2272 2 2553 
# 1 2274 2 2554 
# 1 2275 2 2555 
# 1 2277 2 2558 
# 1 2278 2 2559 
# 2 2560 1 2280 
# 2 2561 1 2281 
# 2 2562 1 2283 
# 2 2563 1 2284 
# 2 2564 1 2286 
# 1 2287 2 2565 
# 1 2288 2 2566 
# 1 2289 2 2567 
# 1 2290 2 2568 
# 1 2291 2 2569 
# 1 2295 2 2570 
# 1 2297 2 2571 
# 1 2298 2 2572 
# 2 2573 1 2300 
# 2 2574 1 2301 
# 2 2575 1 2302 
# 2 2576 1 2303 
# 2 2578 1 2306 
# 2 2579 1 2307 
# 2 2580 1 2309 
# 2 2581 1 2311 
# 2 2582 1 2312 
# 2 2583 1 2313 
# 2 2584 1 2314 
# 2 2585 1 2315 
# 2 2587 1 2318 
# 1 2320 2 2588 
# 1 2321 2 2589 
# 1 2322 2 2590 
# 1 2323 2 2591 
# 2 2592 1 2325 
# 2 2593 1 2326 
# 2 2594 1 2327 
# 2 2595 1 2328 
# 2 2598 1 2329 
# 2 2599 1 2331 
# 2 2601 1 2332 
# 2 2602 1 2333 
# 1 2335 2 2604 
# 1 2340 2 2606 
# 2 2608 1 2341 
# 2 2609 1 2342 
# 2 2610 1 2343 
# 2 2612 1 2346 
# 2 2613 1 2347 
# 2 2614 1 2348 
# 2 2615 1 2349 
# 2 2617 1 2350 
# 1 2353 2 2618 
# 1 2354 2 2619 
# 1 2355 2 2620 
# 1 2358 2 2621 
# 2 2624 1 2360 
# 2 2625 1 2361 
# 2 2627 1 2362 
# 2 2630 1 2364 
# 2 2631 1 2365 
# 1 2367 2 2633 
# 1 2368 2 2635 
# 1 2369 2 2636 
# 1 2372 2 2639 
# 2 2641 1 2374 
# 2 2642 1 2375 
# 2 2647 1 2376 
# 1 2377 2 2653 
# 1 2378 2 2654 
# 1 2379 2 2655 
# 2 2656 1 2381 
# 2 2657 1 2382 
# 1 2383 2 2658 
# 1 2384 2 2659 
# 1 2385 2 2660 
# 2 2661 1 2388 
# 2 2662 1 2390 
# 2 2663 1 2391 
# 2 2665 1 2393 
# 2 2666 1 2394 
# 2 2667 1 2395 
# 2 2670 1 2397 
# 2 2673 1 2398 
# 1 2399 2 2674 
# 1 2400 2 2675 
# 1 2402 2 2676 
# 1 2403 2 2677 
# 2 2678 1 2405 
# 2 2680 1 2407 
# 2 2681 1 2408 
# 2 2682 1 2410 
# 2 2683 1 2412 
# 2 2685 1 2413 
# 2 2687 1 2414 
# 2 2688 1 2416 
# 2 2689 1 2419 
# 2 2690 1 2421 
# 2 2691 1 2422 
# 2 2692 1 2424 
# 2 2693 1 2425 
# 2 2694 1 2428 
# 2 2695 1 2430 
# 1 2431 2 2696 
# 1 2433 2 2697 
# 1 2434 2 2698 
# 1 2437 2 2701 
# 1 2439 2 2702 
# 1 2440 2 2703 
# 2 2704 1 2441 
# 2 2706 1 2442 
# 2 2707 1 2443 
# 2 2708 1 2445 
# 2 2709 1 2446 
# 1 2448 2 2710 
# 1 2450 2 2711 
# 1 2451 2 2712 
# 1 2453 2 2713 
# 1 2454 2 2714 
# 1 2455 2 2715 
# 1 2456 2 2716 
# 1 2457 2 2717 
# 1 2458 2 2718 
# 1 2459 2 2719 
# 2 2720 1 2460 
# 2 2721 1 2461 
# 1 2463 2 2723 
# 1 2464 2 2724 
# 1 2465 2 2725 
# 1 2466 2 2726 
# 1 2467 2 2728 
# 1 2468 2 2729 
# 1 2469 2 2731 
# 1 2470 2 2732 
# 1 2473 2 2733 
# 1 2474 2 2734 
# 1 2475 2 2735 
# 2 2737 1 2476 
# 2 2738 1 2477 
# 1 2480 2 2740 
# 1 2481 2 2741 
# 1 2482 2 2742 
# 1 2484 2 2743 
# 1 2486 2 2744 
# 2 2745 1 2488 
# 2 2746 1 2489 
# 2 2747 1 2491 
# 2 2749 1 2493 
# 2 2750 1 2494 
# 1 2495 2 2751 
# 2 2752 1 2496 
# 2 2753 1 2497 
# 2 2754 1 2498 
# 2 2755 1 2499 
# 2 2756 1 2500 
# 2 2757 1 2501 
# 2 2758 1 2502 
# 2 2760 1 2503 
# 2 2761 1 2504 
# 2 2762 1 2505 
# 2 2763 1 2506 
# 1 2507 2 2766 
# 1 2508 2 2767 
# 2 2769 1 2509 
# 2 2770 1 2510 
# 1 2512 2 2771 
# 1 2514 2 2772 
# 1 2515 2 2773 
# 1 2516 2 2774 
# 1 2517 2 2777 
# 1 2518 2 2778 
# 1 2519 2 2781 
# 2 2784 1 2520 
# 2 2785 1 2521 
# 2 2793 1 2523 
# 2 2794 1 2524 
# 2 2796 1 2525 
# 2 2797 1 2526 
# 1 2527 2 2802 
# 1 2528 2 2806 
# 1 2529 2 2810 
# 1 2531 2 2814 
# 1 2532 2 2815 
# 2 2817 1 2533 
# 2 2820 1 2534 
# 2 2821 1 2535 
# 2 2824 1 2537 
# 2 2825 1 2538 
# 2 2826 1 2539 
# 2 2828 1 2540 
# 2 2830 1 2541 
# 2 2831 1 2542 
# 2 2832 1 2543 
# 2 2833 1 2544 
# 2 2834 1 2545 
# 2 2836 1 2550 
# 2 2837 1 2553 
# 2 2839 1 2555 
# 2 2840 1 2556 
# 1 2560 2 2841 
# 1 2562 2 2842 
# 1 2565 2 2843 
# 1 2568 2 2844 
# 1 2570 2 2845 
# 1 2573 2 2847 
# 1 2575 2 2849 
# 2 2850 1 2579 
# 2 2851 1 2581 
# 2 2852 1 2583 
# 2 2853 1 2586 
# 2 2854 1 2588 
# 2 2855 1 2590 
# 1 2592 2 2856 
# 1 2593 2 2858 
# 1 2594 2 2859 
# 1 2595 2 2860 
# 1 2597 2 2861 
# 1 2598 2 2862 
# 1 2599 2 2863 
# 2 2864 1 2600 
# 2 2865 1 2601 
# 2 2866 1 2602 
# 2 2867 1 2605 
# 1 2607 2 2868 
# 1 2608 2 2869 
# 1 2609 2 2870 
# 1 2613 2 2872 
# 1 2614 2 2873 
# 1 2615 2 2874 
# 1 2616 2 2877 
# 1 2619 2 2879 
# 2 2880 1 2621 
# 2 2881 1 2622 
# 1 2623 2 2882 
# 1 2624 2 2884 
# 1 2625 2 2886 
# 1 2626 2 2887 
# 1 2627 2 2888 
# 1 2628 2 2889 
# 1 2629 2 2890 
# 1 2630 2 2891 
# 1 2631 2 2892 
# 1 2632 2 2893 
# 1 2633 2 2894 
# 1 2634 2 2895 
# 2 2896 1 2635 
# 2 2897 1 2636 
# 2 2898 1 2637 
# 2 2899 1 2638 
# 1 2639 2 2900 
# 1 2641 2 2901 
# 1 2642 2 2902 
# 1 2644 2 2903 
# 1 2645 2 2904 
# 1 2646 2 2905 
# 1 2647 2 2906 
# 1 2648 2 2907 
# 1 2649 2 2908 
# 1 2650 2 2910 
# 1 2653 2 2911 
# 2 2912 1 2654 
# 2 2913 1 2656 
# 2 2914 1 2657 
# 2 2915 1 2658 
# 2 2916 1 2659 
# 2 2917 1 2660 
# 1 2661 2 2919 
# 1 2662 2 2920 
# 1 2663 2 2921 
# 2 2922 1 2665 
# 2 2925 1 2670 
# 1 2671 2 2927 
# 2 2928 1 2672 
# 2 2930 1 2673 
# 2 2931 1 2674 
# 2 2932 1 2675 
# 2 2933 1 2676 
# 2 2934 1 2677 
# 2 2935 1 2678 
# 2 2936 1 2679 
# 2 2937 1 2680 
# 2 2938 1 2681 
# 2 2939 1 2683 
# 2 2940 1 2684 
# 2 2941 1 2685 
# 2 2942 1 2686 
# 1 2687 2 2943 
# 2 2944 1 2688 
# 2 2945 1 2689 
# 2 2946 1 2690 
# 2 2947 1 2691 
# 2 2948 1 2694 
# 2 2949 1 2695 
# 2 2950 1 2697 
# 2 2951 1 2698 
# 2 2952 1 2699 
# 2 2953 1 2700 
# 2 2954 1 2701 
# 2 2955 1 2702 
# 1 2703 2 2957 
# 1 2705 2 2958 
# 1 2707 2 2959 
# 2 2960 1 2708 
# 2 2961 1 2709 
# 2 2962 1 2710 
# 2 2963 1 2711 
# 2 2964 1 2713 
# 2 2965 1 2714 
# 2 2966 1 2715 
# 2 2967 1 2716 
# 2 2968 1 2717 
# 1 2719 2 2970 
# 1 2721 2 2973 
# 1 2722 2 2974 
# 1 2724 2 2975 
# 2 2976 1 2726 
# 2 2977 1 2727 
# 2 2978 1 2728 
# 2 2979 1 2729 
# 2 2980 1 2732 
# 2 2981 1 2733 
# 1 2735 2 2982 
# 1 2736 2 2984 
# 1 2739 2 2985 
# 1 2741 2 2987 
# 1 2742 2 2989 
# 1 2745 2 2990 
# 1 2746 2 2991 
# 2 2992 1 2748 
# 2 2993 1 2749 
# 1 2751 2 2994 
# 1 2754 2 2996 
# 2 2998 1 2757 
# 2 2999 1 2759 
# 2 3000 1 2760 
# 2 3002 1 2761 
# 2 3003 1 2762 
# 2 3004 1 2765 
# 1 2768 2 3005 
# 1 2771 2 3006 
# 1 2772 2 3007 
# 2 3008 1 2776 
# 2 3010 1 2779 
# 2 3011 1 2780 
# 1 2785 2 3013 
# 1 2788 2 3014 
# 2 3016 1 2792 
# 2 3017 1 2795 
# 2 3018 1 2798 
# 1 2800 2 3019 
# 1 2801 2 3020 
# 1 2803 2 3021 
# 1 2804 2 3022 
# 1 2807 2 3023 
# 2 3024 1 2809 
# 2 3025 1 2812 
# 2 3027 1 2814 
# 1 2815 2 3033 
# 1 2816 2 3035 
# 1 2817 2 3036 
# 2 3043 1 2818 
# 1 2819 2 3046 
# 1 2820 2 3049 
# 1 2821 2 3051 
# 1 2822 2 3054 
# 2 3060 1 2823 
# 2 3063 1 2824 
# 2 3064 1 2825 
# 1 2826 2 3068 
# 1 2827 2 3069 
# 2 3073 1 2829 
# 2 3074 1 2830 
# 1 2831 2 3075 
# 1 2833 2 3078 
# 1 2834 2 3079 
# 1 2837 2 3080 
# 1 2838 2 3081 
# 1 2839 2 3082 
# 1 2840 2 3083 
# 2 3084 1 2843 
# 2 3085 1 2844 
# 2 3086 1 2845 
# 1 2848 2 3087 
# 2 3088 1 2849 
# 2 3089 1 2851 
# 2 3090 1 2853 
# 2 3091 1 2855 
# 2 3092 1 2857 
# 2 3093 1 2858 
# 2 3094 1 2860 
# 2 3095 1 2862 
# 1 2866 2 3096 
# 1 2868 2 3097 
# 1 2869 2 3098 
# 1 2872 2 3099 
# 1 2873 2 3100 
# 1 2874 2 3101 
# 1 2876 2 3102 
# 1 2877 2 3103 
# 2 3104 1 2878 
# 2 3105 1 2880 
# 1 2881 2 3110 
# 1 2883 2 3114 
# 1 2884 2 3115 
# 2 3122 1 2886 
# 2 3124 1 2888 
# 2 3126 1 2890 
# 2 3127 1 2891 
# 2 3130 1 2893 
# 1 2895 2 3134 
# 2 3136 1 2896 
# 2 3138 1 2897 
# 2 3140 1 2901 
# 2 3141 1 2903 
# 2 3144 1 2906 
# 2 3145 1 2908 
# 2 3146 1 2909 
# 1 2911 2 3147 
# 1 2915 2 3151 
# 2 3154 1 2918 
# 2 3157 1 2921 
# 2 3158 1 2922 
# 2 3159 1 2923 
# 2 3160 1 2925 
# 2 3161 1 2926 
# 1 2928 2 3162 
# 1 2934 2 3164 
# 1 2935 2 3165 
# 1 2937 2 3166 
# 2 3167 1 2942 
# 2 3168 1 2943 
# 2 3169 1 2945 
# 2 3170 1 2946 
# 2 3171 1 2949 
# 2 3173 1 2952 
# 2 3174 1 2954 
# 2 3175 1 2955 
# 2 3178 1 2957 
# 2 3179 1 2958 
# 1 2959 2 3180 
# 1 2961 2 3181 
# 1 2965 2 3182 
# 2 3184 1 2967 
# 2 3185 1 2968 
# 2 3186 1 2969 
# 2 3187 1 2970 
# 2 3190 1 2972 
# 2 3192 1 2973 
# 2 3193 1 2974 
# 1 2975 2 3194 
# 1 2977 2 3197 
# 2 3200 1 2980 
# 2 3201 1 2981 
# 2 3202 1 2984 
# 2 3203 1 2985 
# 2 3205 1 2986 
# 2 3206 1 2988 
# 2 3209 1 2990 
# 1 2992 2 3212 
# 1 2993 2 3213 
# 1 2995 2 3215 
# 2 3216 1 2996 
# 2 3218 1 2997 
# 2 3219 1 2998 
# 2 3222 1 2999 
# 2 3223 1 3000 
# 2 3224 1 3002 
# 2 3226 1 3003 
# 2 3227 1 3005 
# 1 3007 2 3228 
# 1 3008 2 3230 
# 1 3010 2 3231 
# 2 3232 1 3011 
# 2 3233 1 3012 
# 2 3234 1 3013 
# 2 3235 1 3015 
# 2 3236 1 3016 
# 2 3237 1 3017 
# 2 3239 1 3019 
# 2 3240 1 3020 
# 2 3241 1 3021 
# 2 3242 1 3022 
# 1 3023 2 3243 
# 1 3024 2 3245 
# 1 3025 2 3246 
# 1 3026 2 3247 
# 2 3248 1 3027 
# 2 3249 1 3028 
# 2 3250 1 3029 
