> 1 synthdata_0
> 2 synthdata_1
# 1 1 2 2142 
# 1 5 2 2143 
# 2 2144 1 6 
# 2 2145 1 7 
# 2 2146 1 8 
# 2 2148 1 9 
# 2 2149 1 10 
# 2 2150 1 12 
# 2 2151 1 14 
# 1 16 2 2152 
# 1 17 2 2153 
# 1 18 2 2156 
# 1 19 2 2157 
# 1 20 2 2158 
# 1 21 2 2159 
# 2 2160 1 22 
# 2 2161 1 24 
# 2 2162 1 25 
# 2 2164 1 26 
# 2 2165 1 27 
# 2 2166 1 28 
# 2 2167 1 30 
# 1 31 2 2168 
# 1 32 2 2169 
# 1 33 2 2170 
# 1 35 2 2172 
# 2 1378 1 36 
# 2 1379 1 40 
# 2 1382 1 44 
# 1 49 2 1385 
# 1 54 2 1386 
# 1 56 2 1387 
# 1 57 2 1389 
# 1 59 2 1390 
# 2 1392 1 62 
# 2 1393 1 65 
# 2 1394 1 69 
# 2 1395 1 70 
# 2 1396 1 72 
# 2 1397 1 74 
# 2 1398 1 76 
# 1 79 2 1400 
# 1 80 2 1401 
# 1 84 2 1403 
# 1 88 2 1404 
# 2 1406 1 94 
# 1 96 2 1407 
# 2 1408 1 99 
# 2 1409 1 100 
# 2 1410 1 102 
# 2 1412 1 105 
# 2 1413 1 107 
# 2 1415 1 110 
# 1 111 2 1416 
# 1 112 2 1418 
# 1 114 2 1419 
# 1 115 2 1420 
# 1 116 2 1421 
# 1 117 2 1422 
# 1 118 2 1423 
# 2 1424 1 120 
# 2 1425 1 123 
# 2 1426 1 124 
# 2 1428 1 126 
# 1 128 2 1430 
# 1 130 2 269 
# 1 131 2 270 
# 2 272 1 133 
# 2 273 1 135 
# 2 277 1 137 
# 2 278 1 139 
# 2 279 1 140 
# 2 280 1 142 
# 1 143 2 281 
# 1 147 2 282 
# 1 149 2 283 
# 1 151 2 285 
# 1 152 2 286 
# 1 155 2 287 
# 2 288 1 159 
# 2 289 1 160 
# 2 290 1 164 
# 2 1987 1 168 
# 2 1988 1 169 
# 2 1989 1 170 
# 2 1990 1 171 
# 2 1992 1 172 
# 2 1993 1 173 
# 1 175 2 1994 
# 1 178 2 1995 
# 1 179 2 1996 
# 1 180 2 1997 
# 2 2000 1 181 
# 2 2001 1 182 
# 2 2003 1 183 
# 2 2004 1 185 
# 2 2005 1 186 
# 2 2006 1 187 
# 2 2517 1 188 
# 2 2518 1 189 
# 2 2521 1 190 
# 1 191 2 2522 
# 1 193 2 2523 
# 1 194 2 2526 
# 2 2528 1 195 
# 2 2529 1 197 
# 2 2530 1 198 
# 2 2532 1 199 
# 2 2533 1 200 
# 2 2534 1 201 
# 2 2535 1 202 
# 2 2536 1 203 
# 2 2537 1 204 
# 2 2539 1 205 
# 1 207 2 2540 
# 1 208 2 2541 
# 1 209 2 796 
# 1 211 2 797 
# 1 212 2 798 
# 1 213 2 799 
# 2 801 1 214 
# 2 802 1 215 
# 2 803 1 216 
# 2 804 1 217 
# 2 805 1 218 
# 2 806 1 220 
# 2 807 1 221 
# 1 223 2 809 
# 1 224 2 810 
# 1 226 2 812 
# 1 227 2 813 
# 1 228 2 814 
# 1 229 2 815 
# 2 816 1 230 
# 2 817 1 231 
# 2 818 1 232 
# 2 819 1 233 
# 2 820 1 234 
# 2 822 1 235 
# 2 823 1 236 
# 2 824 1 237 
# 1 239 2 825 
# 1 240 2 827 
# 1 242 2 828 
# 1 243 2 829 
# 1 245 2 2567 
# 1 246 2 2568 
# 1 247 2 2569 
# 1 248 2 2572 
# 1 249 2 2573 
# 1 250 2 2574 
# 1 251 2 2575 
# 2 2577 1 253 
# 2 2578 1 254 
# 1 255 2 2579 
# 1 256 2 2580 
# 1 257 2 2582 
# 1 258 2 2583 
# 1 259 2 2584 
# 1 260 2 2542 
# 1 261 2 2543 
# 2 2544 1 262 
# 2 2545 1 263 
# 2 2546 1 264 
# 2 2547 1 265 
# 2 2548 1 266 
# 2 2550 1 267 
# 2 2552 1 268 
# 2 2553 1 269 
# 2 2554 1 270 
# 1 271 2 2555 
# 1 272 2 2556 
# 1 273 2 2557 
# 1 274 2 2558 
# 1 275 2 2559 
# 2 2560 1 276 
# 2 2561 1 279 
# 2 2562 1 280 
# 2 2563 1 281 
# 2 2565 1 283 
# 2 2566 1 284 
# 2 1056 1 285 
# 1 287 2 1058 
# 1 288 2 1059 
# 1 290 2 1061 
# 1 293 2 1068 
# 1 294 2 1070 
# 2 1073 1 296 
# 2 1075 1 297 
# 2 1079 1 298 
# 2 1082 1 299 
# 2 1085 1 300 
# 2 222 1 301 
# 1 303 2 223 
# 2 224 1 304 
# 2 225 1 305 
# 2 226 1 307 
# 2 227 1 310 
# 2 228 1 311 
# 2 229 1 313 
# 2 230 1 315 
# 2 231 1 317 
# 1 319 2 232 
# 1 321 2 233 
# 1 326 2 235 
# 1 329 2 236 
# 2 237 1 332 
# 2 238 1 334 
# 1 340 2 239 
# 2 240 1 346 
# 1 347 2 1037 
# 1 348 2 1038 
# 1 349 2 1039 
# 2 1040 1 350 
# 1 351 2 1041 
# 2 1042 1 353 
# 2 1043 1 354 
# 1 356 2 1046 
# 2 1047 1 358 
# 2 1048 1 363 
# 2 1049 1 365 
# 2 1051 1 366 
# 1 367 2 1052 
# 1 368 2 1053 
# 1 369 2 1055 
# 1 370 2 2044 
# 1 371 2 2045 
# 1 372 2 2046 
# 1 373 2 2047 
# 2 2048 1 374 
# 2 2051 1 375 
# 2 2053 1 376 
# 2 2055 1 377 
# 2 2056 1 378 
# 2 2058 1 380 
# 2 2060 1 381 
# 1 384 2 2061 
# 1 385 2 2062 
# 2 2064 1 386 
# 2 2065 1 387 
# 1 388 2 463 
# 2 464 1 389 
# 2 465 1 390 
# 2 467 1 392 
# 2 468 1 394 
# 2 469 1 396 
# 2 470 1 397 
# 2 471 1 398 
# 1 401 2 473 
# 1 402 2 474 
# 1 404 2 477 
# 2 480 1 405 
# 2 481 1 407 
# 2 656 1 408 
# 2 659 1 410 
# 2 660 1 411 
# 2 662 1 412 
# 2 663 1 413 
# 2 667 1 414 
# 1 416 2 668 
# 1 417 2 671 
# 2 674 1 420 
# 2 675 1 421 
# 2 678 1 422 
# 2 679 1 423 
# 2 680 1 424 
# 1 425 2 683 
# 1 428 2 687 
# 2 688 1 429 
# 2 689 1 430 
# 1 431 2 692 
# 1 432 2 693 
# 1 433 2 694 
# 1 435 2 698 
# 1 436 2 699 
# 1 437 2 702 
# 1 438 2 703 
# 2 706 1 439 
# 2 709 1 440 
# 2 712 1 441 
# 2 714 1 442 
# 2 715 1 443 
# 1 444 2 718 
# 2 1315 1 445 
# 2 1316 1 446 
# 1 447 2 1317 
# 1 450 2 1320 
# 1 451 2 1322 
# 1 452 2 1323 
# 1 454 2 1325 
# 1 455 2 1326 
# 1 456 2 1327 
# 2 1328 1 458 
# 2 1329 1 459 
# 2 1330 1 460 
# 2 1331 1 462 
# 1 463 2 1332 
# 1 465 2 1333 
# 1 468 2 1334 
# 1 469 2 1335 
# 2 1336 1 471 
# 2 1355 1 474 
# 2 1356 1 478 
# 1 485 2 1357 
# 1 486 2 1358 
# 1 488 2 1359 
# 2 1361 1 493 
# 2 1363 1 503 
# 2 1364 1 506 
# 1 512 2 1365 
# 1 513 2 1366 
# 2 1367 1 518 
# 2 1368 1 525 
# 1 527 2 1369 
# 1 533 2 1370 
# 1 543 2 1372 
# 1 546 2 1373 
# 1 556 2 1374 
# 1 557 2 1375 
# 2 1376 1 567 
# 2 1377 1 573 
# 2 1893 1 574 
# 1 576 2 1894 
# 1 577 2 1895 
# 1 579 2 1896 
# 1 584 2 1900 
# 1 585 2 1901 
# 1 588 2 1903 
# 2 1904 1 591 
# 2 1905 1 593 
# 2 1906 1 594 
# 2 1908 1 596 
# 2 1909 1 599 
# 2 1910 1 601 
# 2 1911 1 602 
# 2 1912 1 604 
# 1 607 2 1913 
# 1 610 2 1608 
# 1 613 2 1610 
# 1 614 2 1611 
# 1 617 2 1612 
# 1 619 2 1613 
# 2 1614 1 621 
# 2 1615 1 622 
# 1 623 2 1617 
# 1 624 2 1618 
# 1 625 2 1619 
# 1 626 2 1620 
# 1 627 2 1621 
# 1 628 2 1622 
# 2 1623 1 631 
# 2 1624 1 633 
# 2 1625 1 634 
# 2 1626 1 636 
# 1 639 2 1 
# 2 2 1 642 
# 2 3 1 644 
# 2 4 1 648 
# 2 5 1 649 
# 2 6 1 651 
# 2 7 1 654 
# 1 656 2 8 
# 1 660 2 10 
# 1 663 2 11 
# 1 664 2 13 
# 1 665 2 14 
# 1 666 2 15 
# 2 16 1 668 
# 2 17 1 670 
# 2 1682 1 674 
# 2 1684 1 679 
# 2 1685 1 680 
# 2 1686 1 684 
# 1 688 2 1687 
# 1 689 2 1688 
# 1 692 2 1689 
# 1 693 2 1690 
# 2 1692 1 700 
# 2 1693 1 701 
# 1 704 2 1694 
# 2 1697 1 712 
# 2 1698 1 717 
# 2 1699 1 718 
# 1 721 2 1700 
# 1 723 2 1701 
# 2 1704 1 733 
# 2 2079 1 734 
# 2 2080 1 735 
# 2 2081 1 736 
# 2 2082 1 737 
# 2 2083 1 738 
# 2 2084 1 739 
# 1 740 2 2086 
# 2 2087 1 742 
# 2 2088 1 743 
# 2 2090 1 746 
# 1 748 2 1502 
# 1 749 2 1503 
# 2 1504 1 751 
# 2 1505 1 752 
# 2 1506 1 753 
# 2 1507 1 755 
# 2 1508 1 757 
# 2 1509 1 759 
# 2 1511 1 761 
# 2 1512 1 762 
# 2 1514 1 763 
# 2 1515 1 764 
# 2 1516 1 765 
# 2 1517 1 766 
# 1 767 2 1519 
# 2 1520 1 769 
# 2 1521 1 770 
# 2 1522 1 771 
# 1 772 2 2393 
# 1 773 2 2396 
# 1 774 2 2399 
# 2 2400 1 775 
# 2 2403 1 776 
# 2 2404 1 777 
# 2 2412 1 780 
# 1 781 2 2415 
# 2 2416 1 782 
# 1 783 2 2419 
# 1 784 2 2420 
# 1 785 2 2425 
# 1 786 2 2426 
# 1 787 2 2429 
# 1 788 2 2430 
# 2 2435 1 789 
# 2 2436 1 790 
# 2 2440 1 791 
# 1 792 2 2444 
# 2 2448 1 793 
# 1 794 2 397 
# 1 795 2 398 
# 1 796 2 399 
# 2 400 1 797 
# 2 401 1 798 
# 1 800 2 403 
# 1 801 2 404 
# 1 802 2 405 
# 1 803 2 406 
# 1 804 2 407 
# 1 805 2 409 
# 1 806 2 412 
# 1 807 2 413 
# 1 808 2 414 
# 1 810 2 415 
# 2 416 1 811 
# 2 417 1 813 
# 2 418 1 814 
# 1 815 2 555 
# 1 818 2 557 
# 1 819 2 558 
# 1 820 2 559 
# 2 560 1 821 
# 2 561 1 822 
# 2 562 1 823 
# 2 563 1 825 
# 2 564 1 826 
# 2 565 1 827 
# 2 567 1 828 
# 2 568 1 829 
# 2 569 1 830 
# 1 831 2 570 
# 1 832 2 573 
# 1 833 2 574 
# 1 834 2 575 
# 2 576 1 835 
# 2 577 1 836 
# 2 578 1 837 
# 2 854 1 838 
# 2 855 1 840 
# 2 856 1 841 
# 2 857 1 842 
# 2 859 1 844 
# 2 864 1 846 
# 1 848 2 866 
# 2 867 1 852 
# 2 868 1 853 
# 2 870 1 854 
# 2 872 1 855 
# 2 873 1 856 
# 2 874 1 858 
# 2 875 1 859 
# 2 876 1 860 
# 2 877 1 861 
# 2 878 1 862 
# 1 863 2 879 
# 2 881 1 864 
# 2 882 1 865 
# 2 883 1 866 
# 2 884 1 867 
# 2 886 1 870 
# 2 887 1 871 
# 2 888 1 872 
# 2 889 1 873 
# 1 874 2 1548 
# 1 875 2 1550 
# 2 1551 1 878 
# 2 1552 1 880 
# 2 1553 1 881 
# 2 1555 1 882 
# 2 1556 1 883 
# 2 1557 1 884 
# 2 1558 1 885 
# 1 887 2 1561 
# 2 1563 1 890 
# 2 1564 1 891 
# 2 1565 1 892 
# 2 1566 1 894 
# 1 895 2 1567 
# 2 1568 1 896 
# 2 1569 1 897 
# 2 1570 1 898 
# 2 1571 1 899 
# 2 1572 1 900 
# 2 1574 1 901 
# 2 1575 1 902 
# 2 1576 1 903 
# 2 1577 1 904 
# 2 1578 1 905 
# 2 1579 1 906 
# 2 1580 1 907 
# 2 1581 1 908 
# 2 1582 1 909 
# 2 1584 1 910 
# 1 911 2 1585 
# 1 912 2 1586 
# 1 913 2 1587 
# 1 914 2 1588 
# 1 915 2 1589 
# 1 916 2 1591 
# 1 917 2 1592 
# 1 918 2 1593 
# 1 919 2 1594 
# 1 920 2 1595 
# 1 921 2 1596 
# 1 923 2 1599 
# 2 1600 1 924 
# 2 1601 1 925 
# 2 1602 1 926 
# 1 927 2 1603 
# 1 929 2 1606 
# 1 930 2 1607 
# 2 1220 1 931 
# 2 1221 1 934 
# 2 1222 1 937 
# 2 1223 1 939 
# 2 1224 1 940 
# 2 1225 1 942 
# 1 943 2 1226 
# 1 945 2 1227 
# 1 948 2 1228 
# 1 950 2 1229 
# 1 952 2 1230 
# 1 953 2 1231 
# 2 1232 1 954 
# 2 1233 1 955 
# 2 1234 1 958 
# 1 961 2 1235 
# 1 962 2 1236 
# 2 1238 1 966 
# 2 1239 1 967 
# 2 1240 1 969 
# 2 1207 1 973 
# 2 1209 1 974 
# 1 976 2 1210 
# 1 978 2 1211 
# 1 980 2 1212 
# 1 982 2 1213 
# 1 983 2 1215 
# 2 1216 1 985 
# 2 1218 1 988 
# 1 991 2 1219 
# 1 992 2 1751 
# 1 993 2 1753 
# 1 994 2 1754 
# 1 995 2 1755 
# 1 996 2 1758 
# 2 1760 1 997 
# 2 1766 1 999 
# 2 1768 1 1001 
# 2 1769 1 1002 
# 2 1770 1 1004 
# 2 1772 1 1005 
# 1 1007 2 1774 
# 1 1008 2 1775 
# 2 1778 1 1012 
# 2 1779 1 1013 
# 2 1781 1 1014 
# 2 1785 1 1016 
# 1 1017 2 1787 
# 1 1018 2 1788 
# 1 1019 2 1790 
# 1 1020 2 1791 
# 2 1793 1 1021 
# 1 1025 2 1796 
# 1 1026 2 1797 
# 1 1027 2 1798 
# 1 1028 2 1799 
# 1 1029 2 1803 
# 1 1030 2 1019 
# 1 1031 2 1021 
# 1 1032 2 1023 
# 2 1024 1 1033 
# 2 1026 1 1034 
# 2 1028 1 1035 
# 2 1030 1 1037 
# 2 1032 1 1038 
# 1 1039 2 1034 
# 1 1041 2 1036 
# 1 1043 2 1432 
# 1 1045 2 1433 
# 1 1046 2 1434 
# 1 1048 2 1436 
# 1 1049 2 1437 
# 1 1051 2 1438 
# 2 1440 1 1052 
# 2 1441 1 1054 
# 1 1057 2 1445 
# 1 1060 2 1446 
# 1 1063 2 1838 
# 1 1064 2 1839 
# 2 1840 1 1066 
# 2 1841 1 1068 
# 2 1842 1 1070 
# 1 1072 2 1843 
# 1 1074 2 1845 
# 2 1846 1 1078 
# 2 1847 1 1079 
# 2 1848 1 1081 
# 2 1850 1 1082 
# 2 1851 1 1083 
# 2 1852 1 1085 
# 2 1853 1 1086 
# 1 1090 2 1855 
# 2 1856 1 1094 
# 2 1858 1 1095 
# 1 1098 2 2476 
# 1 1103 2 2477 
# 1 1104 2 2478 
# 2 2480 1 1107 
# 2 2481 1 1108 
# 2 2483 1 1109 
# 2 2484 1 1110 
# 2 2487 1 1112 
# 2 2488 1 1113 
# 2 2489 1 1115 
# 2 2490 1 1116 
# 2 2492 1 1117 
# 2 2494 1 1118 
# 1 1120 2 2495 
# 2 2496 1 1121 
# 2 2497 1 1124 
# 2 2498 1 1125 
# 2 2499 1 1127 
# 2 1705 1 1128 
# 2 1706 1 1129 
# 2 1707 1 1130 
# 1 1131 2 1709 
# 1 1132 2 1710 
# 1 1133 2 1711 
# 2 1712 1 1134 
# 2 1713 1 1136 
# 2 1714 1 1137 
# 2 1715 1 1138 
# 1 1139 2 1717 
# 1 1140 2 1719 
# 1 1141 2 1720 
# 1 1142 2 1721 
# 1 1144 2 1723 
# 1 1145 2 1724 
# 1 1147 2 1725 
# 1 1148 2 1726 
# 1 1149 2 1727 
# 2 1728 1 1150 
# 2 1729 1 1154 
# 2 1730 1 1158 
# 2 1731 1 1159 
# 2 1732 1 1160 
# 2 1733 1 1161 
# 2 1735 1 1162 
# 2 1737 1 1165 
# 2 1738 1 1166 
# 1 1167 2 1739 
# 1 1168 2 1741 
# 1 1169 2 1742 
# 1 1172 2 1743 
# 2 1744 1 1173 
# 2 1745 1 1174 
# 2 1746 1 1177 
# 2 1747 1 1178 
# 2 1748 1 1179 
# 2 579 1 1180 
# 1 1183 2 581 
# 1 1184 2 585 
# 1 1186 2 587 
# 1 1187 2 588 
# 1 1188 2 590 
# 2 593 1 1190 
# 2 595 1 1192 
# 2 598 1 1194 
# 2 600 1 1195 
# 2 603 1 1197 
# 2 604 1 1198 
# 1 1199 2 607 
# 2 608 1 1200 
# 1 1201 2 611 
# 1 1202 2 612 
# 1 1203 2 613 
# 1 1204 2 617 
# 1 1205 2 618 
# 1 1206 2 621 
# 2 18 1 1207 
# 2 19 1 1208 
# 2 20 1 1209 
# 2 22 1 1210 
# 2 24 1 1211 
# 2 26 1 1212 
# 2 27 1 1213 
# 2 29 1 1214 
# 1 1215 2 30 
# 2 32 1 1217 
# 2 34 1 1218 
# 1 1220 2 1337 
# 1 1223 2 1338 
# 1 1224 2 1339 
# 1 1225 2 1340 
# 1 1226 2 1342 
# 2 1345 1 1230 
# 1 1232 2 1346 
# 2 1347 1 1234 
# 2 1348 1 1235 
# 1 1236 2 1351 
# 1 1237 2 1353 
# 1 1238 2 1627 
# 1 1240 2 1628 
# 1 1241 2 1629 
# 1 1243 2 1630 
# 1 1244 2 1631 
# 2 1633 1 1246 
# 1 1248 2 1634 
# 2 1636 1 1251 
# 2 1637 1 1252 
# 2 1638 1 1253 
# 2 1639 1 1254 
# 2 1640 1 1256 
# 2 1641 1 1259 
# 2 1642 1 1260 
# 2 1643 1 1262 
# 1 1263 2 1644 
# 1 1266 2 1645 
# 1 1268 2 1647 
# 2 1648 1 1269 
# 2 1650 1 1270 
# 2 1652 1 1271 
# 2 1653 1 1272 
# 2 1654 1 1273 
# 2 1655 1 1274 
# 2 419 1 1275 
# 2 420 1 1276 
# 2 421 1 1277 
# 2 422 1 1278 
# 1 1279 2 423 
# 1 1282 2 426 
# 1 1283 2 429 
# 1 1284 2 430 
# 1 1286 2 431 
# 2 433 1 1287 
# 2 434 1 1288 
# 2 435 1 1290 
# 2 436 1 1292 
# 1 1296 2 437 
# 1 1298 2 438 
# 1 1301 2 439 
# 1 1302 2 440 
# 2 37 1 1304 
# 2 39 1 1305 
# 2 41 1 1307 
# 2 42 1 1308 
# 2 44 1 1309 
# 1 1311 2 51 
# 1 1312 2 52 
# 1 1313 2 53 
# 1 1314 2 55 
# 1 1315 2 56 
# 1 1316 2 58 
# 1 1317 2 59 
# 1 1318 2 61 
# 1 1319 2 62 
# 1 1320 2 63 
# 2 65 1 1321 
# 2 66 1 1322 
# 2 67 1 1323 
# 2 69 1 1325 
# 2 71 1 1326 
# 1 1327 2 72 
# 1 1328 2 74 
# 1 1329 2 76 
# 1 1330 2 77 
# 1 1331 2 78 
# 2 83 1 1332 
# 2 86 1 1333 
# 1 1334 2 88 
# 1 1335 2 89 
# 1 1336 2 90 
# 1 1338 2 93 
# 1 1339 2 95 
# 2 96 1 1340 
# 2 100 1 1341 
# 1 1343 2 101 
# 1 1344 2 102 
# 1 1346 2 106 
# 1 1347 2 107 
# 1 1348 2 108 
# 1 1349 2 109 
# 1 1350 2 110 
# 2 114 1 1351 
# 2 115 1 1352 
# 2 116 1 1353 
# 2 1860 1 1354 
# 2 1862 1 1356 
# 2 1863 1 1357 
# 1 1359 2 1865 
# 1 1360 2 1866 
# 1 1361 2 1867 
# 1 1362 2 1868 
# 1 1363 2 1869 
# 1 1364 2 1871 
# 2 1872 1 1365 
# 2 1873 1 1366 
# 2 1874 1 1367 
# 2 1876 1 1368 
# 2 1878 1 1369 
# 2 1880 1 1371 
# 2 1881 1 1372 
# 2 1882 1 1374 
# 1 1375 2 1883 
# 1 1376 2 1884 
# 1 1377 2 1886 
# 1 1378 2 1887 
# 2 1888 1 1379 
# 2 1889 1 1380 
# 2 1890 1 1381 
# 2 1891 1 1382 
# 2 833 1 1384 
# 2 834 1 1385 
# 2 837 1 1386 
# 2 838 1 1387 
# 2 839 1 1388 
# 2 840 1 1389 
# 2 841 1 1390 
# 1 1391 2 842 
# 1 1392 2 843 
# 1 1394 2 844 
# 1 1396 2 845 
# 1 1397 2 846 
# 1 1398 2 847 
# 2 848 1 1399 
# 2 849 1 1400 
# 2 850 1 1403 
# 2 851 1 1405 
# 2 852 1 1406 
# 1 1407 2 853 
# 1 1409 2 1086 
# 1 1410 2 1087 
# 2 1088 1 1412 
# 2 1089 1 1413 
# 2 1090 1 1414 
# 2 1091 1 1415 
# 2 1092 1 1416 
# 2 1093 1 1417 
# 2 1095 1 1419 
# 2 1096 1 1420 
# 2 1097 1 1421 
# 1 1426 2 1100 
# 1 1427 2 1101 
# 1 1430 2 1103 
# 2 1104 1 1432 
# 2 1105 1 1433 
# 2 1106 1 1435 
# 2 1107 1 1436 
# 2 1108 1 1437 
# 2 1109 1 1438 
# 1 1439 2 1110 
# 1 1443 2 1111 
# 1 1444 2 1112 
# 1 1445 2 1113 
# 1 1446 2 1114 
# 1 1447 2 1115 
# 1 1448 2 1116 
# 1 1449 2 1117 
# 1 1451 2 1118 
# 1 1452 2 1119 
# 2 1120 1 1453 
# 1 1455 2 1121 
# 1 1456 2 1122 
# 2 1123 1 1458 
# 1 1459 2 1125 
# 1 1461 2 2220 
# 1 1462 2 2221 
# 1 1465 2 2222 
# 1 1466 2 2223 
# 2 2224 1 1467 
# 2 2225 1 1468 
# 2 2226 1 1470 
# 1 1473 2 2229 
# 1 1474 2 2230 
# 1 1475 2 2231 
# 1 1476 2 2232 
# 1 1477 2 2233 
# 1 1478 2 2234 
# 1 1480 2 2235 
# 1 1482 2 2236 
# 2 2240 1 1489 
# 2 2241 1 1490 
# 2 2243 1 1492 
# 2 2244 1 1493 
# 2 2245 1 1498 
# 2 2246 1 1500 
# 2 2247 1 1501 
# 2 2249 1 1502 
# 1 1503 2 2250 
# 1 1504 2 2251 
# 1 1505 2 2252 
# 1 1507 2 2253 
# 1 1508 2 2254 
# 1 1509 2 2255 
# 2 2256 1 1510 
# 2 2257 1 1511 
# 2 2258 1 1512 
# 2 2259 1 1514 
# 2 2260 1 1515 
# 2 2261 1 1517 
# 2 2262 1 1518 
# 1 1519 2 2263 
# 2 484 1 1523 
# 2 485 1 1526 
# 2 486 1 1527 
# 2 488 1 1528 
# 2 489 1 1529 
# 2 490 1 1530 
# 2 492 1 1533 
# 2 493 1 1534 
# 1 1537 2 494 
# 1 1538 2 495 
# 2 496 1 1540 
# 2 497 1 1541 
# 2 498 1 1542 
# 2 503 1 1545 
# 2 504 1 1546 
# 2 505 1 1547 
# 2 506 1 1548 
# 2 507 1 1549 
# 2 508 1 1550 
# 1 1554 2 509 
# 1 1557 2 511 
# 2 512 1 1558 
# 2 513 1 1560 
# 2 1656 1 1562 
# 2 1657 1 1563 
# 2 1659 1 1564 
# 2 1660 1 1565 
# 2 1661 1 1566 
# 1 1567 2 1662 
# 1 1568 2 1663 
# 2 1664 1 1569 
# 2 1665 1 1570 
# 2 1666 1 1571 
# 2 1667 1 1572 
# 2 1668 1 1573 
# 2 1669 1 1574 
# 2 1670 1 1576 
# 2 1672 1 1577 
# 2 1673 1 1578 
# 2 1674 1 1579 
# 2 1675 1 1580 
# 2 1676 1 1582 
# 1 1583 2 1677 
# 1 1584 2 1678 
# 1 1585 2 1679 
# 2 1680 1 1587 
# 1 1588 2 2646 
# 2 2647 1 1590 
# 2 2648 1 1594 
# 2 2649 1 1595 
# 1 1601 2 2651 
# 1 1605 2 2652 
# 1 1607 2 2654 
# 2 2656 1 1610 
# 2 2657 1 1612 
# 2 2658 1 1614 
# 1 1616 2 2659 
# 1 1618 2 2660 
# 2 2662 1 1621 
# 2 2663 1 1623 
# 2 2664 1 1624 
# 2 2665 1 1627 
# 2 2666 1 1629 
# 2 2667 1 1630 
# 1 1631 2 2668 
# 1 1634 2 2669 
# 1 1636 2 2670 
# 1 1637 2 2671 
# 2 2673 1 1641 
# 2 117 1 1643 
# 2 118 1 1645 
# 2 119 1 1646 
# 1 1648 2 120 
# 1 1650 2 121 
# 1 1655 2 123 
# 1 1656 2 124 
# 1 1657 2 125 
# 1 1659 2 126 
# 1 1663 2 127 
# 2 128 1 1667 
# 2 129 1 1670 
# 2 130 1 1672 
# 2 131 1 1674 
# 1 1680 2 133 
# 1 1682 2 135 
# 1 1686 2 136 
# 2 137 1 1692 
# 2 138 1 1693 
# 1 1696 2 890 
# 1 1698 2 891 
# 1 1699 2 893 
# 1 1700 2 895 
# 2 896 1 1701 
# 2 897 1 1702 
# 2 898 1 1703 
# 2 899 1 1704 
# 2 900 1 1706 
# 2 902 1 1708 
# 2 904 1 1709 
# 2 905 1 1710 
# 1 1712 2 906 
# 1 1713 2 907 
# 1 1715 2 908 
# 1 1717 2 909 
# 1 1718 2 910 
# 1 1719 2 911 
# 2 912 1 1720 
# 2 913 1 1721 
# 2 914 1 1722 
# 2 915 1 1723 
# 2 916 1 1724 
# 2 917 1 1725 
# 2 918 1 1726 
# 1 1727 2 919 
# 1 1728 2 920 
# 1 1730 2 921 
# 1 1731 2 922 
# 1 1733 2 923 
# 1 1734 2 924 
# 1 1735 2 927 
# 1 1736 2 2091 
# 2 2092 1 1739 
# 1 1744 2 2093 
# 1 1749 2 2095 
# 2 2098 1 1754 
# 2 2099 1 1755 
# 2 2100 1 1758 
# 1 1759 2 2101 
# 1 1763 2 2102 
# 1 1766 2 2104 
# 1 1767 2 2105 
# 2 2106 1 1769 
# 2 2108 1 1772 
# 2 2109 1 1773 
# 1 1775 2 2110 
# 1 1778 2 2111 
# 2 2113 1 1781 
# 2 2114 1 1783 
# 2 2115 1 1784 
# 2 2117 1 1790 
# 1 1791 2 2118 
# 1 1794 2 2119 
# 1 1796 2 2120 
# 2 2066 1 1797 
# 2 2067 1 1798 
# 2 2069 1 1799 
# 2 2071 1 1801 
# 2 2072 1 1802 
# 2 2074 1 1803 
# 2 2075 1 1805 
# 2 2076 1 1806 
# 1 1811 2 2077 
# 1 1812 2 314 
# 1 1814 2 316 
# 1 1815 2 317 
# 1 1816 2 318 
# 1 1817 2 319 
# 2 322 1 1818 
# 2 323 1 1819 
# 2 325 1 1822 
# 1 1823 2 326 
# 1 1824 2 327 
# 1 1825 2 328 
# 1 1826 2 330 
# 1 1827 2 332 
# 1 1828 2 335 
# 2 336 1 1829 
# 2 337 1 1830 
# 2 339 1 1831 
# 2 340 1 1832 
# 2 341 1 1833 
# 1 1834 2 2175 
# 2 2176 1 1836 
# 2 2178 1 1837 
# 2 2179 1 1838 
# 1 1839 2 2180 
# 1 1840 2 2183 
# 1 1841 2 2185 
# 1 1843 2 2186 
# 1 1844 2 2187 
# 1 1845 2 2188 
# 1 1846 2 2189 
# 1 1847 2 2190 
# 1 1848 2 2191 
# 2 2192 1 1849 
# 2 2194 1 1851 
# 2 2195 1 1852 
# 2 2196 1 1853 
# 2 2197 1 1854 
# 1 1855 2 2198 
# 1 1856 2 163 
# 2 164 1 1860 
# 2 165 1 1861 
# 2 167 1 1866 
# 2 168 1 1867 
# 2 169 1 1868 
# 2 170 1 1870 
# 1 1874 2 172 
# 1 1875 2 173 
# 1 1877 2 174 
# 2 176 1 1880 
# 2 177 1 1884 
# 2 178 1 1889 
# 2 179 1 1892 
# 2 180 1 1895 
# 2 181 1 1897 
# 2 182 1 1898 
# 2 183 1 1901 
# 1 1904 2 184 
# 1 1905 2 185 
# 1 1906 2 186 
# 1 1909 2 187 
# 1 1912 2 188 
# 1 1915 2 189 
# 2 190 1 1917 
# 1 1920 2 191 
# 2 192 1 1922 
# 2 193 1 1923 
# 2 194 1 1928 
# 2 195 1 1930 
# 2 196 1 1931 
# 2 197 1 1933 
# 1 1938 2 198 
# 1 1941 2 199 
# 1 1942 2 200 
# 2 201 1 1945 
# 2 202 1 1948 
# 2 203 1 1950 
# 1 1958 2 206 
# 1 1959 2 207 
# 2 208 1 1962 
# 2 209 1 1964 
# 2 210 1 1965 
# 2 928 1 1969 
# 2 929 1 1970 
# 2 931 1 1971 
# 2 932 1 1972 
# 2 933 1 1973 
# 2 934 1 1974 
# 2 935 1 1975 
# 2 936 1 1976 
# 2 937 1 1977 
# 2 938 1 1979 
# 2 939 1 1980 
# 2 941 1 1981 
# 2 942 1 1982 
# 1 1983 2 943 
# 2 944 1 1984 
# 2 946 1 1987 
# 2 947 1 1988 
# 2 2720 1 1989 
# 2 2723 1 1990 
# 2 2726 1 1991 
# 2 2730 1 1993 
# 2 2731 1 1994 
# 1 1995 2 2733 
# 2 2736 1 1996 
# 2 2737 1 1997 
# 2 2739 1 1998 
# 1 1999 2 2743 
# 1 2000 2 2748 
# 1 2001 2 2750 
# 1 2002 2 2751 
# 2 2754 1 2003 
# 2 2755 1 2004 
# 1 2005 2 2759 
# 1 2006 2 2762 
# 1 2007 2 2766 
# 1 2009 2 139 
# 1 2010 2 140 
# 1 2011 2 141 
# 1 2012 2 142 
# 1 2013 2 143 
# 2 144 1 2014 
# 1 2015 2 145 
# 1 2016 2 146 
# 1 2017 2 147 
# 1 2018 2 148 
# 1 2019 2 149 
# 1 2020 2 150 
# 1 2021 2 151 
# 1 2022 2 153 
# 1 2024 2 154 
# 1 2025 2 155 
# 1 2026 2 156 
# 1 2027 2 157 
# 1 2028 2 158 
# 1 2029 2 159 
# 2 160 1 2030 
# 1 2031 2 374 
# 1 2034 2 378 
# 1 2035 2 380 
# 1 2036 2 381 
# 1 2037 2 383 
# 2 384 1 2038 
# 2 386 1 2039 
# 2 388 1 2040 
# 2 389 1 2041 
# 2 391 1 2042 
# 2 392 1 2043 
# 2 394 1 2044 
# 2 395 1 2045 
# 2 241 1 2048 
# 2 242 1 2050 
# 2 243 1 2051 
# 2 244 1 2052 
# 2 245 1 2053 
# 2 246 1 2054 
# 2 247 1 2056 
# 2 248 1 2057 
# 2 249 1 2058 
# 2 250 1 2059 
# 2 251 1 2060 
# 2 253 1 2061 
# 2 254 1 2062 
# 1 2063 2 255 
# 2 256 1 2064 
# 2 257 1 2065 
# 2 258 1 2066 
# 2 259 1 2068 
# 2 260 1 2069 
# 2 261 1 2070 
# 2 262 1 2071 
# 2 263 1 2072 
# 2 264 1 2073 
# 2 266 1 2074 
# 2 267 1 2075 
# 2 2008 1 2076 
# 1 2081 2 2009 
# 1 2085 2 2010 
# 1 2086 2 2011 
# 1 2087 2 2012 
# 1 2090 2 2015 
# 2 2016 1 2092 
# 2 2017 1 2094 
# 1 2096 2 2019 
# 1 2097 2 2020 
# 2 2021 1 2100 
# 2 2022 1 2101 
# 2 2023 1 2103 
# 2 2024 1 2105 
# 2 2025 1 2106 
# 2 2026 1 2107 
# 2 2027 1 2108 
# 2 2028 1 2110 
# 1 2111 2 2029 
# 1 2113 2 2031 
# 2 2033 1 2114 
# 2 2034 1 2115 
# 2 2035 1 2117 
# 2 2037 1 2119 
# 2 2040 1 2122 
# 2 2041 1 2123 
# 2 949 1 2124 
# 2 950 1 2125 
# 2 951 1 2126 
# 1 2127 2 952 
# 1 2128 2 953 
# 1 2129 2 954 
# 1 2131 2 956 
# 1 2132 2 957 
# 1 2133 2 958 
# 1 2136 2 959 
# 2 961 1 2137 
# 2 962 1 2138 
# 2 965 1 2139 
# 2 967 1 2140 
# 2 968 1 2141 
# 1 2144 2 970 
# 1 2145 2 1805 
# 1 2149 2 1807 
# 2 1809 1 2150 
# 2 1810 1 2151 
# 2 1812 1 2152 
# 2 1814 1 2154 
# 2 1816 1 2155 
# 2 1817 1 2156 
# 2 1818 1 2157 
# 2 1819 1 2158 
# 1 2159 2 1821 
# 1 2160 2 1823 
# 2 1825 1 2161 
# 2 1826 1 2162 
# 2 1827 1 2163 
# 2 1828 1 2164 
# 1 2165 2 1831 
# 1 2166 2 1832 
# 1 2167 2 1833 
# 1 2168 2 1834 
# 1 2169 2 1837 
# 2 2674 1 2170 
# 2 2677 1 2171 
# 2 2679 1 2173 
# 2 2680 1 2174 
# 1 2175 2 2683 
# 2 2688 1 2176 
# 1 2177 2 2691 
# 1 2178 2 2694 
# 1 2179 2 2695 
# 1 2180 2 2697 
# 1 2181 2 2701 
# 2 2704 1 2182 
# 2 2705 1 2183 
# 2 2711 1 2185 
# 2 2712 1 2186 
# 2 2715 1 2187 
# 2 2716 1 2188 
# 2 514 1 2190 
# 1 2191 2 519 
# 1 2194 2 525 
# 1 2195 2 526 
# 2 528 1 2196 
# 2 529 1 2198 
# 2 533 1 2200 
# 2 536 1 2203 
# 2 537 1 2204 
# 2 540 1 2206 
# 1 2211 2 549 
# 1 2212 2 554 
# 1 2213 2 1914 
# 1 2214 2 1916 
# 1 2215 2 1919 
# 2 1920 1 2216 
# 2 1921 1 2218 
# 2 1922 1 2219 
# 2 1923 1 2220 
# 2 1924 1 2222 
# 1 2223 2 1925 
# 1 2224 2 1926 
# 1 2226 2 1928 
# 1 2227 2 1929 
# 1 2228 2 1930 
# 1 2229 2 1931 
# 1 2231 2 1933 
# 1 2232 2 1934 
# 2 1936 1 2234 
# 2 343 1 2236 
# 2 345 1 2237 
# 1 2241 2 346 
# 1 2245 2 348 
# 1 2246 2 350 
# 1 2249 2 351 
# 2 352 1 2251 
# 2 353 1 2252 
# 1 2255 2 355 
# 1 2256 2 356 
# 1 2258 2 358 
# 1 2260 2 359 
# 1 2261 2 360 
# 1 2262 2 361 
# 2 362 1 2265 
# 2 363 1 2266 
# 1 2271 2 365 
# 1 2274 2 367 
# 2 369 1 2282 
# 2 370 1 2285 
# 1 2287 2 719 
# 2 721 1 2288 
# 1 2289 2 723 
# 1 2290 2 724 
# 1 2292 2 728 
# 1 2293 2 729 
# 1 2294 2 730 
# 1 2295 2 731 
# 1 2297 2 734 
# 2 736 1 2299 
# 2 738 1 2300 
# 2 740 1 2301 
# 2 741 1 2302 
# 1 2304 2 742 
# 1 2306 2 744 
# 1 2307 2 745 
# 1 2308 2 746 
# 1 2309 2 747 
# 1 2311 2 748 
# 2 2369 1 2314 
# 2 2370 1 2315 
# 2 2371 1 2316 
# 2 2372 1 2317 
# 2 2373 1 2318 
# 1 2320 2 2374 
# 1 2321 2 2376 
# 1 2322 2 2377 
# 1 2323 2 2378 
# 1 2324 2 2382 
# 1 2325 2 2383 
# 2 2384 1 2326 
# 2 2385 1 2327 
# 2 2386 1 2328 
# 2 2387 1 2329 
# 2 2388 1 2330 
# 2 2389 1 2332 
# 2 2392 1 2333 
# 2 2449 1 2336 
# 2 2450 1 2337 
# 2 2451 1 2338 
# 1 2339 2 2453 
# 1 2340 2 2455 
# 1 2341 2 2456 
# 1 2342 2 2457 
# 1 2343 2 2458 
# 1 2344 2 2459 
# 1 2345 2 2460 
# 1 2346 2 2461 
# 1 2347 2 2462 
# 1 2348 2 2463 
# 2 2464 1 2352 
# 2 2465 1 2353 
# 2 2466 1 2354 
# 2 2467 1 2355 
# 2 2468 1 2356 
# 2 2469 1 2357 
# 2 2471 1 2358 
# 2 2472 1 2359 
# 2 2473 1 2360 
# 2 2474 1 2361 
# 2 2296 1 2362 
# 2 2297 1 2363 
# 2 2298 1 2364 
# 2 2299 1 2365 
# 2 2300 1 2366 
# 1 2367 2 2301 
# 1 2368 2 2302 
# 1 2369 2 2303 
# 2 2304 1 2370 
# 2 2305 1 2371 
# 2 2306 1 2372 
# 2 2308 1 2375 
# 2 2309 1 2376 
# 2 2310 1 2377 
# 2 2311 1 2378 
# 2 2312 1 2379 
# 2 2313 1 2380 
# 2 2314 1 2381 
# 2 2315 1 2382 
# 1 2383 2 2318 
# 1 2384 2 2319 
# 2 2320 1 2385 
# 2 2323 1 2386 
# 1 2387 2 2501 
# 1 2388 2 2502 
# 1 2389 2 2503 
# 2 2504 1 2391 
# 2 2505 1 2393 
# 2 2506 1 2394 
# 2 2507 1 2396 
# 2 2508 1 2398 
# 1 2399 2 2510 
# 1 2402 2 2511 
# 2 2512 1 2404 
# 2 2514 1 2408 
# 2 2515 1 2409 
# 2 2516 1 2412 
# 2 971 1 2414 
# 1 2416 2 974 
# 2 978 1 2418 
# 2 981 1 2420 
# 1 2422 2 986 
# 1 2423 2 987 
# 2 995 1 2428 
# 1 2431 2 999 
# 1 2432 2 1002 
# 1 2433 2 1004 
# 1 2434 2 1006 
# 2 1008 1 2435 
# 2 1009 1 2436 
# 2 1012 1 2437 
# 2 1013 1 2438 
# 2 1014 1 2439 
# 2 1017 1 2440 
# 2 1018 1 2441 
# 2 211 1 2444 
# 2 212 1 2446 
# 1 2449 2 213 
# 1 2452 2 214 
# 2 215 1 2454 
# 2 216 1 2456 
# 2 217 1 2458 
# 2 218 1 2460 
# 2 219 1 2462 
# 1 2465 2 220 
# 2 1185 1 2470 
# 2 1187 1 2476 
# 2 1188 1 2478 
# 1 2479 2 1189 
# 1 2482 2 1190 
# 1 2484 2 1191 
# 2 1192 1 2487 
# 2 1193 1 2488 
# 2 1194 1 2489 
# 2 1195 1 2491 
# 2 1196 1 2492 
# 1 2495 2 1197 
# 1 2497 2 1198 
# 1 2498 2 1199 
# 2 1200 1 2499 
# 2 1202 1 2501 
# 2 1204 1 2503 
# 1 2504 2 623 
# 2 624 1 2505 
# 2 625 1 2506 
# 2 627 1 2509 
# 2 628 1 2510 
# 1 2511 2 629 
# 1 2512 2 630 
# 1 2513 2 632 
# 1 2514 2 634 
# 1 2517 2 636 
# 1 2518 2 637 
# 1 2519 2 638 
# 1 2520 2 639 
# 2 640 1 2521 
# 2 641 1 2522 
# 2 642 1 2523 
# 2 645 1 2525 
# 2 646 1 2526 
# 1 2527 2 647 
# 1 2529 2 648 
# 1 2531 2 651 
# 1 2533 2 652 
# 1 2534 2 653 
# 1 2535 2 654 
# 2 293 1 2538 
# 2 294 1 2539 
# 2 295 1 2540 
# 2 296 1 2541 
# 2 297 1 2542 
# 1 2544 2 298 
# 1 2545 2 299 
# 1 2546 2 300 
# 1 2547 2 302 
# 1 2549 2 303 
# 2 304 1 2550 
# 2 305 1 2551 
# 2 306 1 2552 
# 2 307 1 2553 
# 2 308 1 2554 
# 2 310 1 2556 
# 2 311 1 2557 
# 2 312 1 2558 
# 1 2559 2 313 
# 1 2560 2 2626 
# 2 2627 1 2562 
# 2 2628 1 2563 
# 2 2629 1 2564 
# 2 2630 1 2565 
# 2 2631 1 2567 
# 2 2632 1 2568 
# 2 2633 1 2569 
# 2 2634 1 2571 
# 2 2635 1 2572 
# 2 2636 1 2574 
# 1 2575 2 2637 
# 1 2576 2 2638 
# 1 2578 2 2639 
# 2 2640 1 2579 
# 2 2641 1 2580 
# 2 2642 1 2581 
# 2 2644 1 2582 
# 1 2584 2 1293 
# 1 2586 2 1294 
# 1 2587 2 1295 
# 2 1296 1 2589 
# 2 1297 1 2590 
# 1 2591 2 1298 
# 1 2593 2 1300 
# 1 2595 2 1301 
# 1 2596 2 1302 
# 1 2597 2 1303 
# 1 2599 2 1307 
# 1 2600 2 1308 
# 1 2601 2 1309 
# 1 2602 2 1311 
# 2 1312 1 2603 
# 2 1313 1 2604 
# 2 1127 1 2605 
# 1 2608 2 1129 
# 1 2609 2 1130 
# 1 2612 2 1132 
# 1 2613 2 1133 
# 1 2614 2 1134 
# 1 2615 2 1135 
# 2 1136 1 2616 
# 2 1137 1 2617 
# 2 1138 1 2618 
# 2 1139 1 2619 
# 2 1140 1 2621 
# 2 1141 1 2622 
# 1 2623 2 1142 
# 1 2624 2 1143 
# 1 2625 2 1144 
# 1 2626 2 1145 
# 1 2628 2 1148 
# 1 2629 2 1149 
# 1 2630 2 1150 
# 2 1153 1 2631 
# 2 1155 1 2633 
# 2 1156 1 2634 
# 2 1157 1 2635 
# 2 1158 1 2636 
# 2 1160 1 2637 
# 2 1161 1 2638 
# 1 2639 2 1162 
# 1 2641 2 1163 
# 1 2642 2 1164 
# 1 2643 2 1165 
# 1 2644 2 1166 
# 1 2645 2 1167 
# 1 2646 2 2121 
# 1 2647 2 2123 
# 1 2648 2 2125 
# 1 2649 2 2127 
# 2 2128 1 2650 
# 2 2129 1 2651 
# 2 2133 1 2652 
# 2 2135 1 2653 
# 1 2656 2 2138 
# 1 2657 2 2139 
# 1 2659 2 2140 
# 1 2660 2 2141 
# 1 2661 2 1241 
# 1 2662 2 1242 
# 1 2664 2 1245 
# 1 2666 2 1246 
# 2 1248 1 2667 
# 2 1249 1 2668 
# 2 1250 1 2669 
# 2 1252 1 2670 
# 1 2671 2 1253 
# 1 2672 2 1254 
# 1 2673 2 1255 
# 1 2675 2 1256 
# 1 2676 2 1257 
# 1 2678 2 1259 
# 1 2679 2 1260 
# 1 2680 2 1261 
# 1 2681 2 1262 
# 1 2682 2 1263 
# 2 1267 1 2683 
# 2 1268 1 2684 
# 2 1269 1 2685 
# 2 1270 1 2686 
# 1 2687 2 1271 
# 1 2688 2 1272 
# 1 2689 2 1273 
# 1 2690 2 1274 
# 1 2692 2 1276 
# 1 2693 2 1278 
# 1 2694 2 1279 
# 2 1280 1 2695 
# 2 1281 1 2697 
# 2 1282 1 2698 
# 2 1284 1 2699 
# 2 1285 1 2701 
# 2 1286 1 2702 
# 1 2704 2 1287 
# 1 2705 2 1288 
# 1 2706 2 1289 
# 1 2707 2 1290 
# 1 2708 2 1291 
# 2 1523 1 2709 
# 2 1524 1 2710 
# 2 1525 1 2711 
# 2 1526 1 2712 
# 2 1527 1 2714 
# 2 1528 1 2715 
# 2 1531 1 2717 
# 2 1532 1 2718 
# 1 2719 2 1533 
# 1 2720 2 1534 
# 1 2721 2 1535 
# 2 1536 1 2722 
# 2 1538 1 2723 
# 2 1539 1 2724 
# 2 1540 1 2725 
# 2 1541 1 2726 
# 2 1542 1 2727 
# 2 1543 1 2728 
# 2 1544 1 2730 
# 2 1545 1 2731 
# 2 1546 1 2732 
# 2 1547 1 2733 
# 2 749 1 2734 
# 1 2735 2 750 
# 2 752 1 2736 
# 2 755 1 2739 
# 2 756 1 2740 
# 2 757 1 2741 
# 2 759 1 2742 
# 2 760 1 2743 
# 2 761 1 2744 
# 2 762 1 2746 
# 2 764 1 2748 
# 2 766 1 2750 
# 2 768 1 2751 
# 2 769 1 2752 
# 2 770 1 2753 
# 2 771 1 2755 
# 2 772 1 2756 
# 2 773 1 2757 
# 2 774 1 2758 
# 2 775 1 2759 
# 2 776 1 2761 
# 2 777 1 2763 
# 2 778 1 2766 
# 1 2767 2 779 
# 1 2768 2 780 
# 1 2771 2 782 
# 1 2772 2 783 
# 2 784 1 2773 
# 2 785 1 2774 
# 2 786 1 2775 
# 2 787 1 2776 
# 2 788 1 2777 
# 2 791 1 2778 
# 2 792 1 2779 
# 2 793 1 2780 
# 2 794 1 2781 
# 2 795 1 2782 
# 1 2783 2 2264 
# 1 2785 2 2266 
# 1 2786 2 2270 
# 2 2272 1 2790 
# 2 2276 1 2791 
# 2 2277 1 2792 
# 2 2278 1 2793 
# 2 2279 1 2794 
# 2 2280 1 2795 
# 2 2283 1 2796 
# 2 2284 1 2797 
# 1 2799 2 2286 
# 2 2290 1 2801 
# 2 2291 1 2802 
# 2 2292 1 2803 
# 1 2804 2 2294 
# 1 2805 2 2295 
# 2 1972 1 2807 
# 2 1973 1 2808 
# 2 1974 1 2810 
# 2 1975 1 2811 
# 2 1976 1 2812 
# 2 1978 1 2814 
# 1 2816 2 1979 
# 1 2818 2 1980 
# 1 2821 2 1981 
# 1 2822 2 1982 
# 1 2823 2 1983 
# 2 1984 1 2824 
# 2 1985 1 2825 
# 2 1986 1 2826 
# 2 2324 1 2828 
# 2 2325 1 2830 
# 1 2831 2 2326 
# 1 2832 2 2327 
# 1 2833 2 2328 
# 1 2834 2 2329 
# 1 2838 2 2331 
# 1 2840 2 2332 
# 1 2842 2 2333 
# 1 2843 2 2334 
# 1 2845 2 2335 
# 2 2336 1 2846 
# 1 2847 2 2337 
# 1 2848 2 2338 
# 1 2850 2 2340 
# 1 2854 2 2201 
# 1 2856 2 2202 
# 1 2857 2 2203 
# 1 2858 2 2204 
# 1 2859 2 2205 
# 2 2206 1 2862 
# 1 2863 2 2207 
# 2 2208 1 2864 
# 2 2210 1 2865 
# 2 2211 1 2867 
# 2 2212 1 2868 
# 2 2213 1 2870 
# 2 2214 1 2871 
# 2 2215 1 2874 
# 2 2216 1 2875 
# 1 2881 2 2217 
# 1 2882 2 2218 
# 1 2886 2 2219 
# 1 2887 2 441 
# 1 2888 2 442 
# 1 2889 2 443 
# 1 2890 2 444 
# 1 2891 2 446 
# 2 448 1 2892 
# 2 450 1 2894 
# 1 2896 2 452 
# 1 2897 2 453 
# 1 2898 2 455 
# 1 2899 2 456 
# 1 2901 2 458 
# 1 2902 2 459 
# 1 2904 2 461 
# 1 2906 2 462 
# 2 2586 1 2907 
# 2 2588 1 2909 
# 2 2590 1 2910 
# 2 2593 1 2912 
# 2 2594 1 2913 
# 1 2914 2 2597 
# 1 2915 2 2598 
# 1 2916 2 2600 
# 1 2917 2 2603 
# 1 2918 2 2605 
# 1 2919 2 2607 
# 2 2609 1 2920 
# 2 2611 1 2921 
# 2 2613 1 2922 
# 2 2616 1 2923 
# 2 2617 1 2924 
# 2 2621 1 2926 
# 1 2927 2 2623 
# 1 2928 2 2341 
# 1 2929 2 2343 
# 1 2930 2 2345 
# 1 2931 2 2346 
# 1 2932 2 2347 
# 1 2933 2 2348 
# 1 2934 2 2349 
# 1 2935 2 2350 
# 1 2936 2 2351 
# 2 2352 1 2938 
# 2 2354 1 2939 
# 2 2355 1 2940 
# 2 2356 1 2942 
# 1 2943 2 2357 
# 1 2944 2 2358 
# 1 2945 2 2359 
# 1 2947 2 2361 
# 1 2949 2 2362 
# 1 2950 2 2363 
# 1 2953 2 2365 
# 1 2956 2 2366 
# 2 1937 1 2957 
# 1 2959 2 1938 
# 1 2961 2 1939 
# 2 1941 1 2966 
# 2 1942 1 2970 
# 2 1943 1 2971 
# 1 2976 2 1944 
# 1 2977 2 1945 
# 1 2978 2 1946 
# 1 2981 2 1947 
# 1 2982 2 1948 
# 1 2983 2 1949 
# 1 2986 2 1950 
# 1 2987 2 1951 
# 2 1953 1 2988 
# 2 1954 1 2990 
# 1 2991 2 1955 
# 1 2993 2 1956 
# 1 2995 2 1957 
# 2 1958 1 3005 
# 2 1959 1 3006 
# 1 3007 2 1960 
# 1 3010 2 1961 
# 1 3012 2 1962 
# 1 3014 2 1963 
# 1 3016 2 1964 
# 1 3017 2 1965 
# 1 3020 2 1966 
# 1 3021 2 1967 
# 2 1968 1 3023 
# 2 1969 1 3025 
# 2 1970 1 3028 
# 2 1971 1 3033 
# 2 1169 1 3037 
# 2 1170 1 3038 
# 1 3041 2 1171 
# 1 3044 2 1174 
# 2 1175 1 3049 
# 2 1176 1 3051 
# 2 1177 1 3054 
# 1 3056 2 1178 
# 1 3058 2 1180 
# 1 3059 2 1181 
# 1 3060 2 1182 
# 1 3061 2 1183 
# 2 1184 1 3066 
# 2 1449 1 3069 
# 2 1450 1 3070 
# 1 3071 2 1452 
# 1 3072 2 1453 
# 1 3073 2 1455 
# 2 1456 1 3074 
# 2 1458 1 3075 
# 2 1460 1 3077 
# 2 1465 1 3080 
# 2 1466 1 3081 
# 2 1467 1 3082 
# 2 1472 1 3083 
# 2 1474 1 3085 
# 2 1476 1 3086 
# 1 3088 2 1481 
# 1 3090 2 1482 
# 1 3091 2 1483 
# 1 3092 2 1484 
# 1 3093 2 1485 
# 1 3096 2 1486 
# 1 3097 2 1487 
# 2 1488 1 3099 
# 2 1489 1 3100 
# 2 1490 1 3101 
# 2 1491 1 3102 
# 1 3103 2 1492 
# 1 3105 2 1496 
# 1 3106 2 1497 
# 1 3107 2 1499 
# 1 3110 2 1501 
