> 1 synthdata_0
> 2 synthdata_1
# 1 3 2 892 
# 1 4 2 893 
# 1 5 2 895 
# 2 896 1 6 
# 2 898 1 7 
# 2 901 1 8 
# 2 902 1 9 
# 2 904 1 10 
# 2 905 1 11 
# 2 906 1 12 
# 2 910 1 14 
# 1 15 2 913 
# 1 16 2 914 
# 1 18 2 918 
# 1 19 2 919 
# 1 20 2 923 
# 1 21 2 924 
# 2 2860 1 28 
# 2 2861 1 30 
# 1 36 2 2862 
# 1 37 2 2863 
# 2 2864 1 50 
# 2 2865 1 52 
# 2 2867 1 60 
# 2 2868 1 67 
# 2 2869 1 69 
# 2 2870 1 76 
# 2 2871 1 78 
# 2 2874 1 93 
# 1 101 2 2876 
# 1 103 2 2877 
# 1 108 2 2878 
# 1 113 2 2879 
# 2 2881 1 117 
# 2 2882 1 120 
# 2 2883 1 122 
# 2 2884 1 126 
# 1 129 2 2885 
# 1 131 2 2886 
# 1 135 2 2589 
# 1 136 2 2590 
# 2 2592 1 137 
# 2 2593 1 138 
# 2 2594 1 139 
# 2 2597 1 141 
# 2 2599 1 142 
# 1 143 2 2600 
# 1 144 2 2601 
# 1 145 2 2602 
# 1 146 2 2603 
# 1 147 2 2604 
# 1 148 2 2605 
# 1 149 2 2606 
# 1 150 2 2607 
# 2 2608 1 151 
# 2 2609 1 152 
# 2 2538 1 153 
# 2 2539 1 154 
# 2 2541 1 156 
# 1 159 2 2542 
# 1 160 2 2543 
# 2 2544 1 161 
# 2 2545 1 162 
# 2 2546 1 165 
# 2 2547 1 166 
# 2 2548 1 167 
# 2 2549 1 168 
# 2 2550 1 171 
# 2 2551 1 173 
# 2 2552 1 174 
# 1 177 2 2554 
# 1 178 2 2555 
# 1 180 2 2557 
# 1 181 2 2559 
# 2 2560 1 182 
# 2 2561 1 183 
# 2 2562 1 184 
# 2 2563 1 185 
# 2 2564 1 186 
# 2 2565 1 188 
# 2 2567 1 189 
# 2 2568 1 190 
# 1 192 2 2569 
# 1 194 2 2570 
# 1 195 2 2572 
# 1 196 2 2573 
# 1 197 2 2574 
# 1 199 2 2575 
# 2 2576 1 200 
# 2 2577 1 201 
# 2 2578 1 202 
# 2 2579 1 203 
# 2 2580 1 204 
# 2 2581 1 205 
# 1 207 2 2584 
# 1 208 2 2585 
# 1 209 2 2586 
# 1 210 2 2587 
# 1 211 2 1400 
# 1 213 2 1401 
# 1 215 2 1402 
# 1 217 2 1404 
# 2 1405 1 220 
# 2 1406 1 222 
# 1 225 2 1407 
# 2 1409 1 228 
# 2 1410 1 229 
# 2 1411 1 230 
# 2 1412 1 233 
# 2 1413 1 234 
# 2 1414 1 235 
# 2 765 1 236 
# 2 767 1 238 
# 1 239 2 769 
# 2 772 1 243 
# 2 773 1 245 
# 2 776 1 248 
# 2 777 1 249 
# 2 778 1 250 
# 1 251 2 781 
# 1 252 2 783 
# 2 784 1 253 
# 1 255 2 787 
# 1 256 2 790 
# 1 257 2 792 
# 1 258 2 793 
# 1 260 2 797 
# 1 261 2 2910 
# 1 271 2 2911 
# 2 2912 1 274 
# 2 2913 1 277 
# 2 2914 1 279 
# 2 2915 1 281 
# 2 2916 1 284 
# 1 288 2 2917 
# 1 291 2 2918 
# 1 292 2 2919 
# 1 296 2 2701 
# 1 298 2 2703 
# 2 2705 1 299 
# 1 304 2 2706 
# 2 2707 1 306 
# 2 2708 1 307 
# 2 2709 1 310 
# 2 2710 1 311 
# 2 2712 1 313 
# 2 2714 1 315 
# 2 2715 1 317 
# 1 320 2 2716 
# 1 321 2 2717 
# 1 323 2 2718 
# 2 2722 1 326 
# 1 330 2 446 
# 1 331 2 447 
# 2 448 1 332 
# 2 449 1 334 
# 1 336 2 450 
# 1 337 2 451 
# 2 452 1 339 
# 2 453 1 342 
# 2 454 1 346 
# 1 351 2 455 
# 1 352 2 456 
# 1 353 2 457 
# 1 357 2 458 
# 1 361 2 459 
# 2 460 1 363 
# 2 461 1 366 
# 1 368 2 462 
# 2 464 1 370 
# 2 465 1 372 
# 2 466 1 375 
# 2 468 1 377 
# 2 471 1 382 
# 1 384 2 472 
# 1 385 2 473 
# 1 386 2 474 
# 1 390 2 475 
# 1 392 2 476 
# 1 393 2 477 
# 1 394 2 478 
# 2 481 1 398 
# 1 400 2 300 
# 1 401 2 301 
# 1 403 2 302 
# 1 404 2 303 
# 2 304 1 406 
# 2 305 1 407 
# 2 306 1 410 
# 2 307 1 411 
# 2 308 1 412 
# 1 415 2 310 
# 1 418 2 312 
# 1 421 2 314 
# 1 423 2 315 
# 1 424 2 316 
# 1 425 2 317 
# 1 426 2 318 
# 1 427 2 319 
# 2 320 1 429 
# 2 321 1 430 
# 1 431 2 322 
# 1 432 2 86 
# 1 433 2 87 
# 1 434 2 88 
# 1 435 2 89 
# 1 437 2 90 
# 1 438 2 91 
# 1 440 2 94 
# 1 442 2 95 
# 2 96 1 444 
# 2 97 1 445 
# 2 98 1 446 
# 1 447 2 99 
# 1 448 2 100 
# 1 449 2 101 
# 1 450 2 103 
# 1 451 2 104 
# 1 452 2 105 
# 1 453 2 106 
# 1 454 2 107 
# 1 455 2 926 
# 1 457 2 927 
# 2 928 1 458 
# 2 929 1 459 
# 2 930 1 460 
# 2 931 1 461 
# 2 932 1 462 
# 1 464 2 933 
# 1 465 2 935 
# 1 466 2 936 
# 1 467 2 937 
# 1 468 2 938 
# 1 470 2 940 
# 1 471 2 942 
# 1 472 2 943 
# 2 945 1 474 
# 2 946 1 477 
# 2 947 1 478 
# 1 479 2 948 
# 1 482 2 952 
# 1 484 2 953 
# 1 485 2 954 
# 1 486 2 955 
# 1 487 2 956 
# 1 490 2 957 
# 1 491 2 959 
# 2 961 1 493 
# 2 962 1 494 
# 1 495 2 963 
# 1 496 2 964 
# 1 498 2 965 
# 1 500 2 2314 
# 1 501 2 2315 
# 1 504 2 2316 
# 1 506 2 2317 
# 2 2320 1 508 
# 2 2321 1 510 
# 1 515 2 410 
# 1 519 2 412 
# 1 520 2 414 
# 2 417 1 522 
# 2 418 1 523 
# 2 420 1 524 
# 2 421 1 525 
# 2 422 1 526 
# 1 528 2 190 
# 2 192 1 529 
# 2 193 1 530 
# 2 194 1 533 
# 2 195 1 534 
# 2 196 1 535 
# 2 199 1 538 
# 2 202 1 539 
# 2 203 1 540 
# 2 204 1 542 
# 1 543 2 209 
# 1 544 2 210 
# 2 211 1 546 
# 2 212 1 547 
# 2 213 1 548 
# 1 549 2 215 
# 1 550 2 216 
# 1 551 2 221 
# 1 552 2 223 
# 2 224 1 553 
# 2 228 1 554 
# 2 229 1 555 
# 2 1544 1 557 
# 2 1545 1 558 
# 1 560 2 1547 
# 1 561 2 1548 
# 1 562 2 1549 
# 1 563 2 1551 
# 2 1553 1 565 
# 2 1555 1 567 
# 2 1557 1 568 
# 2 1559 1 569 
# 2 1560 1 570 
# 2 1561 1 571 
# 2 1562 1 572 
# 2 1563 1 573 
# 2 1564 1 574 
# 1 575 2 1565 
# 1 576 2 1566 
# 1 577 2 1567 
# 2 1569 1 578 
# 2 1570 1 580 
# 2 1571 1 581 
# 2 1574 1 583 
# 2 1575 1 584 
# 2 1576 1 585 
# 2 1577 1 587 
# 2 1578 1 589 
# 1 591 2 1233 
# 1 594 2 1236 
# 1 595 2 1237 
# 2 1238 1 597 
# 2 1239 1 599 
# 2 1240 1 601 
# 2 1241 1 603 
# 2 1242 1 605 
# 2 1243 1 606 
# 1 607 2 1244 
# 1 609 2 1245 
# 1 610 2 1247 
# 2 1248 1 611 
# 2 1893 1 613 
# 2 1894 1 614 
# 2 1895 1 615 
# 2 1897 1 618 
# 2 1898 1 620 
# 2 1899 1 621 
# 2 1900 1 622 
# 1 623 2 1901 
# 1 624 2 1902 
# 1 625 2 1903 
# 2 1905 1 628 
# 2 1907 1 630 
# 2 1909 1 633 
# 2 1910 1 634 
# 2 1913 1 636 
# 2 1914 1 638 
# 1 639 2 1915 
# 1 641 2 1916 
# 1 642 2 1917 
# 1 643 2 1918 
# 1 644 2 1919 
# 2 1921 1 645 
# 2 966 1 646 
# 2 967 1 647 
# 2 968 1 648 
# 2 969 1 650 
# 2 972 1 651 
# 2 973 1 652 
# 2 974 1 654 
# 1 655 2 975 
# 2 977 1 657 
# 2 978 1 658 
# 2 979 1 659 
# 2 981 1 660 
# 2 982 1 662 
# 2 983 1 664 
# 2 984 1 665 
# 2 985 1 666 
# 2 986 1 667 
# 2 987 1 669 
# 2 990 1 670 
# 1 671 2 844 
# 1 672 2 845 
# 1 673 2 846 
# 2 848 1 676 
# 2 849 1 677 
# 2 850 1 678 
# 2 852 1 679 
# 2 854 1 680 
# 2 856 1 681 
# 2 857 1 682 
# 2 858 1 683 
# 2 859 1 684 
# 1 687 2 860 
# 1 688 2 861 
# 1 689 2 862 
# 1 690 2 863 
# 2 864 1 691 
# 2 865 1 694 
# 2 866 1 696 
# 2 867 1 697 
# 2 868 1 698 
# 2 869 1 699 
# 2 870 1 700 
# 2 871 1 701 
# 2 872 1 702 
# 1 703 2 873 
# 1 705 2 874 
# 1 706 2 875 
# 1 707 2 876 
# 1 708 2 877 
# 1 709 2 28 
# 1 710 2 29 
# 1 711 2 30 
# 1 712 2 31 
# 2 33 1 713 
# 2 34 1 714 
# 2 35 1 715 
# 2 38 1 718 
# 1 719 2 39 
# 1 720 2 40 
# 1 721 2 41 
# 1 722 2 42 
# 1 723 2 44 
# 1 724 2 45 
# 1 727 2 46 
# 2 48 1 730 
# 2 1415 1 732 
# 2 1416 1 733 
# 2 1417 1 734 
# 1 735 2 1418 
# 1 736 2 1421 
# 1 737 2 1423 
# 2 1424 1 739 
# 2 1425 1 740 
# 2 1427 1 741 
# 2 1428 1 742 
# 2 1429 1 743 
# 2 1430 1 744 
# 2 1432 1 746 
# 2 1433 1 747 
# 2 1434 1 748 
# 2 1436 1 750 
# 1 751 2 1437 
# 1 754 2 1722 
# 1 755 2 1723 
# 1 757 2 1725 
# 1 758 2 1726 
# 1 759 2 1727 
# 2 1728 1 760 
# 2 1729 1 761 
# 2 1730 1 762 
# 2 1731 1 764 
# 2 1732 1 765 
# 2 1733 1 766 
# 1 767 2 1734 
# 1 768 2 1735 
# 1 769 2 1736 
# 1 770 2 1738 
# 1 771 2 1739 
# 1 772 2 1740 
# 1 773 2 1742 
# 1 774 2 1743 
# 2 279 1 775 
# 2 280 1 777 
# 2 282 1 779 
# 2 284 1 780 
# 2 286 1 782 
# 2 288 1 784 
# 2 289 1 785 
# 2 291 1 786 
# 2 292 1 787 
# 2 293 1 788 
# 2 294 1 789 
# 2 295 1 790 
# 2 298 1 794 
# 2 299 1 796 
# 2 1249 1 797 
# 2 1251 1 798 
# 1 799 2 1252 
# 1 800 2 1253 
# 1 801 2 1254 
# 1 803 2 1255 
# 1 804 2 1256 
# 1 805 2 1257 
# 1 806 2 1259 
# 1 807 2 1262 
# 1 808 2 1263 
# 2 1264 1 809 
# 2 1265 1 810 
# 2 1266 1 811 
# 2 1268 1 812 
# 2 1269 1 813 
# 2 1270 1 814 
# 1 815 2 1271 
# 1 816 2 1272 
# 1 817 2 1273 
# 1 818 2 1274 
# 1 819 2 109 
# 1 820 2 111 
# 2 116 1 822 
# 2 120 1 823 
# 1 824 2 122 
# 1 826 2 125 
# 2 129 1 829 
# 2 1744 1 831 
# 2 1745 1 832 
# 2 1746 1 833 
# 2 1747 1 834 
# 2 1748 1 835 
# 2 1749 1 836 
# 2 1750 1 837 
# 2 1751 1 838 
# 2 1752 1 839 
# 2 1753 1 840 
# 2 1754 1 841 
# 1 843 2 1757 
# 1 844 2 1759 
# 2 1760 1 845 
# 2 1762 1 846 
# 1 847 2 1763 
# 1 848 2 1764 
# 1 849 2 1765 
# 1 850 2 1766 
# 1 851 2 1767 
# 1 852 2 1768 
# 1 853 2 1770 
# 1 856 2 173 
# 1 858 2 174 
# 1 859 2 175 
# 2 176 1 862 
# 2 177 1 864 
# 2 178 1 865 
# 2 179 1 867 
# 2 181 1 868 
# 1 870 2 184 
# 1 871 2 185 
# 1 872 2 186 
# 1 873 2 188 
# 1 874 2 189 
# 1 877 2 1439 
# 2 1440 1 879 
# 2 1441 1 880 
# 1 881 2 1443 
# 1 882 2 1444 
# 2 1445 1 885 
# 2 1446 1 886 
# 2 1447 1 887 
# 2 1449 1 888 
# 2 1450 1 890 
# 2 1452 1 892 
# 2 1453 1 893 
# 2 1455 1 894 
# 2 1456 1 899 
# 2 1457 1 900 
# 2 1458 1 901 
# 2 1459 1 903 
# 2 1460 1 904 
# 2 1461 1 905 
# 2 1462 1 906 
# 2 1464 1 909 
# 2 1466 1 910 
# 1 914 2 1467 
# 1 915 2 1468 
# 1 917 2 1470 
# 2 594 1 918 
# 2 595 1 919 
# 2 596 1 920 
# 2 597 1 921 
# 2 598 1 923 
# 2 600 1 924 
# 2 601 1 925 
# 1 927 2 602 
# 1 928 2 603 
# 1 929 2 604 
# 1 931 2 605 
# 1 932 2 606 
# 1 933 2 607 
# 2 609 1 934 
# 2 612 1 935 
# 2 613 1 936 
# 2 614 1 939 
# 1 943 2 616 
# 1 945 2 617 
# 1 948 2 2391 
# 1 949 2 2392 
# 1 950 2 2393 
# 1 952 2 2394 
# 1 953 2 2395 
# 2 2396 1 955 
# 2 2397 1 956 
# 2 2398 1 958 
# 1 959 2 2399 
# 2 2401 1 961 
# 2 2402 1 963 
# 2 2403 1 964 
# 2 2404 1 967 
# 2 2405 1 969 
# 2 2406 1 972 
# 2 2407 1 974 
# 1 975 2 2408 
# 1 976 2 2409 
# 1 977 2 2410 
# 1 978 2 2411 
# 1 979 2 2412 
# 1 981 2 2267 
# 1 982 2 2268 
# 1 983 2 2269 
# 1 986 2 2270 
# 1 987 2 2271 
# 2 2272 1 988 
# 2 2273 1 990 
# 1 991 2 2274 
# 1 992 2 2275 
# 1 993 2 2276 
# 1 994 2 2277 
# 1 995 2 2278 
# 1 996 2 2279 
# 1 997 2 2280 
# 1 998 2 2281 
# 1 999 2 2282 
# 1 1000 2 2283 
# 1 1001 2 2284 
# 1 1002 2 2285 
# 2 323 1 1004 
# 1 1007 2 324 
# 1 1009 2 325 
# 1 1010 2 326 
# 1 1011 2 327 
# 1 1013 2 328 
# 1 1014 2 329 
# 1 1015 2 330 
# 1 1017 2 332 
# 1 1019 2 333 
# 1 1020 2 335 
# 2 338 1 1022 
# 1 1023 2 339 
# 2 2977 1 1024 
# 2 2978 1 1025 
# 2 2979 1 1026 
# 2 2981 1 1028 
# 1 1029 2 2983 
# 1 1030 2 2984 
# 1 1031 2 2986 
# 1 1032 2 2987 
# 1 1033 2 2988 
# 1 1034 2 2989 
# 1 1035 2 2991 
# 2 2992 1 1036 
# 2 2993 1 1037 
# 2 2995 1 1038 
# 1 1040 2 2997 
# 1 1041 2 2998 
# 1 1042 2 2999 
# 1 1047 2 2634 
# 1 1049 2 2638 
# 1 1050 2 2639 
# 2 2642 1 1051 
# 2 2643 1 1052 
# 2 2648 1 1053 
# 1 1055 2 2649 
# 1 1056 2 2651 
# 1 1057 2 2653 
# 2 2656 1 1058 
# 2 2657 1 1059 
# 2 2658 1 1062 
# 2 2664 1 1064 
# 2 2672 1 1065 
# 2 2674 1 1066 
# 2 2677 1 1067 
# 2 2680 1 1068 
# 2 2685 1 1069 
# 2 2686 1 1070 
# 1 1071 2 2687 
# 2 2689 1 1072 
# 1 1073 2 2692 
# 1 1074 2 2696 
# 1 1075 2 2697 
# 1 1076 2 1471 
# 2 1472 1 1077 
# 2 1473 1 1078 
# 2 1474 1 1079 
# 2 1475 1 1080 
# 2 1477 1 1082 
# 2 1478 1 1083 
# 2 1479 1 1084 
# 2 1480 1 1085 
# 2 1482 1 1086 
# 1 1088 2 1484 
# 1 1089 2 1486 
# 2 1488 1 1091 
# 2 1489 1 1092 
# 2 1490 1 1093 
# 2 1491 1 1094 
# 2 1492 1 1095 
# 2 1493 1 1096 
# 2 1494 1 1097 
# 2 1495 1 1098 
# 2 1496 1 1099 
# 2 1498 1 1100 
# 2 1499 1 1101 
# 2 1501 1 1102 
# 1 1103 2 1502 
# 1 1104 2 1503 
# 2 1506 1 1105 
# 2 1507 1 1106 
# 2 1508 1 1107 
# 2 1509 1 1109 
# 2 1510 1 1110 
# 1 1111 2 1513 
# 1 1112 2 1275 
# 2 1282 1 1113 
# 2 1283 1 1114 
# 2 1284 1 1115 
# 2 1288 1 1116 
# 2 1289 1 1117 
# 2 1290 1 1118 
# 1 1119 2 1297 
# 1 1120 2 1298 
# 1 1121 2 1304 
# 1 1123 2 1305 
# 1 1124 2 1310 
# 1 1125 2 1311 
# 2 1312 1 1126 
# 2 1318 1 1128 
# 2 1319 1 1129 
# 1 1130 2 1326 
# 2 1328 1 1131 
# 2 1331 1 1132 
# 2 1336 1 1134 
# 1 1135 2 1342 
# 1 1136 2 1343 
# 2 1344 1 1137 
# 1 1138 2 1350 
# 1 1139 2 1352 
# 1 1140 2 1356 
# 1 1141 2 1357 
# 1 1142 2 1358 
# 2 1364 1 1144 
# 2 1365 1 1145 
# 2 1366 1 1146 
# 2 1370 1 1147 
# 2 1373 1 1148 
# 2 1374 1 1149 
# 2 1377 1 1150 
# 1 1152 2 2723 
# 1 1153 2 2724 
# 1 1154 2 2726 
# 1 1155 2 2731 
# 1 1156 2 2732 
# 2 2737 1 1157 
# 2 2738 1 1158 
# 2 2739 1 1159 
# 1 1160 2 2746 
# 1 1161 2 2747 
# 1 1162 2 2749 
# 2 2753 1 1163 
# 2 2754 1 1164 
# 2 2755 1 1165 
# 2 2756 1 1166 
# 1 1170 2 2763 
# 1 1172 2 2764 
# 1 1173 2 2766 
# 2 2771 1 1174 
# 1 1178 2 2780 
# 1 1179 2 2781 
# 1 1183 2 2787 
# 1 1184 2 2789 
# 1 1185 2 2793 
# 1 1186 2 2794 
# 1 1187 2 2795 
# 1 1188 2 2796 
# 1 1189 2 2797 
# 2 2800 1 1190 
# 2 2801 1 1191 
# 2 2802 1 1193 
# 2 2806 1 1194 
# 2 2807 1 1195 
# 2 2808 1 1196 
# 2 2809 1 1197 
# 2 2810 1 1198 
# 1 1199 2 2811 
# 1 1200 2 2813 
# 1 1202 2 1948 
# 1 1204 2 1949 
# 1 1205 2 1950 
# 1 1207 2 1951 
# 2 1952 1 1208 
# 2 1953 1 1209 
# 2 1955 1 1210 
# 2 1956 1 1211 
# 2 1958 1 1212 
# 2 1959 1 1213 
# 2 1960 1 1214 
# 1 1215 2 1961 
# 1 1216 2 1963 
# 1 1217 2 1964 
# 1 1218 2 1965 
# 1 1219 2 1967 
# 2 1968 1 1220 
# 2 1969 1 1221 
# 2 1970 1 1222 
# 2 1974 1 1223 
# 2 1975 1 1224 
# 2 1976 1 1225 
# 2 1977 1 1226 
# 2 1978 1 1227 
# 2 1979 1 1228 
# 2 1982 1 1229 
# 2 1983 1 1230 
# 2 1985 1 1232 
# 2 1986 1 1233 
# 2 1987 1 1236 
# 2 1988 1 1237 
# 2 1990 1 1238 
# 2 1991 1 1239 
# 2 1992 1 1240 
# 2 1993 1 1241 
# 2 1994 1 1242 
# 2 1995 1 1243 
# 2 1996 1 1244 
# 2 1997 1 1246 
# 1 1248 2 698 
# 1 1249 2 699 
# 1 1251 2 700 
# 1 1252 2 701 
# 1 1253 2 703 
# 2 704 1 1254 
# 2 707 1 1255 
# 2 709 1 1256 
# 2 710 1 1257 
# 2 712 1 1258 
# 2 714 1 1261 
# 2 717 1 1262 
# 2 720 1 1264 
# 2 721 1 1265 
# 2 723 1 1267 
# 2 725 1 1268 
# 2 726 1 1269 
# 2 727 1 1270 
# 2 728 1 1271 
# 2 729 1 1272 
# 1 1273 2 731 
# 1 1274 2 734 
# 1 1275 2 735 
# 2 736 1 1276 
# 2 738 1 1277 
# 2 740 1 1278 
# 1 1279 2 743 
# 1 1282 2 746 
# 1 1283 2 748 
# 1 1284 2 751 
# 2 753 1 1286 
# 2 754 1 1287 
# 2 756 1 1288 
# 2 757 1 1289 
# 2 760 1 1290 
# 2 762 1 1291 
# 2 763 1 1292 
# 2 764 1 1293 
# 2 1016 1 1294 
# 1 1296 2 1017 
# 1 1298 2 1019 
# 1 1300 2 1021 
# 1 1301 2 1022 
# 1 1304 2 1023 
# 2 1024 1 1305 
# 1 1312 2 1026 
# 1 1313 2 1027 
# 2 1028 1 1316 
# 2 1029 1 1317 
# 2 1030 1 1320 
# 2 1031 1 1321 
# 2 1032 1 1324 
# 1 1329 2 1033 
# 1 1333 2 1034 
# 1 1334 2 1035 
# 1 1336 2 1036 
# 1 1339 2 1037 
# 2 482 1 1341 
# 2 483 1 1342 
# 1 1344 2 484 
# 1 1347 2 485 
# 1 1348 2 486 
# 1 1349 2 487 
# 2 489 1 1353 
# 2 490 1 1354 
# 2 491 1 1355 
# 1 1359 2 492 
# 1 1361 2 493 
# 1 1362 2 494 
# 2 496 1 1363 
# 2 497 1 1364 
# 2 498 1 1365 
# 2 499 1 1366 
# 2 502 1 1369 
# 2 503 1 1370 
# 2 504 1 1372 
# 2 505 1 1373 
# 2 506 1 1374 
# 1 1375 2 507 
# 1 1376 2 508 
# 1 1377 2 509 
# 1 1378 2 510 
# 1 1381 2 511 
# 2 512 1 1383 
# 2 513 1 1384 
# 2 514 1 1386 
# 2 516 1 1389 
# 1 1392 2 518 
# 1 1393 2 519 
# 1 1394 2 520 
# 1 1395 2 521 
# 1 1396 2 523 
# 1 1398 2 524 
# 1 1400 2 525 
# 1 1401 2 526 
# 1 1403 2 527 
# 2 530 1 1404 
# 2 532 1 1405 
# 2 533 1 1406 
# 1 1407 2 534 
# 1 1408 2 535 
# 1 1409 2 537 
# 1 1411 2 538 
# 1 1412 2 539 
# 1 1413 2 540 
# 1 1414 2 541 
# 1 1416 2 542 
# 2 544 1 1417 
# 2 545 1 1418 
# 2 547 1 1420 
# 1 1423 2 2829 
# 1 1424 2 2830 
# 2 2833 1 1428 
# 2 2834 1 1430 
# 2 2835 1 1432 
# 2 2836 1 1434 
# 2 2837 1 1438 
# 1 1439 2 2838 
# 1 1441 2 2839 
# 1 1444 2 2840 
# 2 2841 1 1448 
# 2 2842 1 1449 
# 2 2844 1 1451 
# 2 2845 1 1453 
# 2 2850 1 1465 
# 2 2851 1 1466 
# 2 2852 1 1469 
# 2 2853 1 1470 
# 1 1471 2 2854 
# 1 1474 2 2856 
# 1 1475 2 2857 
# 1 1476 2 2858 
# 1 1477 2 423 
# 1 1478 2 424 
# 1 1479 2 427 
# 1 1480 2 428 
# 1 1481 2 429 
# 1 1482 2 430 
# 1 1483 2 431 
# 2 432 1 1484 
# 1 1487 2 433 
# 1 1488 2 435 
# 1 1489 2 437 
# 1 1490 2 438 
# 1 1492 2 440 
# 1 1493 2 441 
# 1 1495 2 442 
# 1 1496 2 443 
# 2 992 1 1497 
# 2 995 1 1501 
# 1 1506 2 996 
# 2 997 1 1508 
# 2 998 1 1509 
# 2 1000 1 1511 
# 2 1001 1 1513 
# 2 1002 1 1514 
# 2 1003 1 1516 
# 2 1004 1 1517 
# 1 1519 2 1005 
# 1 1522 2 1006 
# 2 1008 1 1524 
# 2 1009 1 1525 
# 2 1010 1 1526 
# 2 1011 1 1527 
# 2 1012 1 1528 
# 2 1013 1 1529 
# 2 1014 1 1530 
# 2 1015 1 1532 
# 2 2201 1 1533 
# 1 1535 2 2202 
# 1 1538 2 2203 
# 1 1539 2 2204 
# 1 1540 2 2205 
# 1 1542 2 2206 
# 1 1543 2 2207 
# 2 2208 1 1545 
# 2 2209 1 1546 
# 2 2210 1 1547 
# 2 2211 1 1549 
# 1 1551 2 2212 
# 1 1554 2 2214 
# 1 1555 2 2215 
# 1 1556 2 2216 
# 2 2217 1 1560 
# 2 2218 1 1561 
# 2 2219 1 1563 
# 2 2220 1 1564 
# 1 1567 2 2221 
# 1 1572 2 2222 
# 1 1573 2 2223 
# 1 1578 2 2044 
# 1 1579 2 2045 
# 1 1580 2 2046 
# 2 2048 1 1581 
# 2 2049 1 1582 
# 1 1583 2 2050 
# 1 1584 2 2051 
# 1 1585 2 2052 
# 1 1588 2 2057 
# 1 1589 2 2058 
# 1 1591 2 2060 
# 1 1592 2 2062 
# 1 1593 2 2063 
# 2 2064 1 1594 
# 2 2065 1 1595 
# 2 2066 1 1596 
# 2 2067 1 1597 
# 2 2068 1 1598 
# 1 1599 2 2069 
# 1 1600 2 2070 
# 1 1601 2 2071 
# 1 1602 2 2072 
# 1 1603 2 2074 
# 1 1604 2 2075 
# 1 1605 2 2478 
# 1 1606 2 2479 
# 2 2481 1 1607 
# 2 2482 1 1608 
# 2 2483 1 1609 
# 2 2484 1 1610 
# 2 2485 1 1612 
# 2 2486 1 1613 
# 2 2489 1 1614 
# 1 1615 2 2491 
# 1 1616 2 2492 
# 1 1617 2 2493 
# 1 1618 2 2494 
# 1 1619 2 2495 
# 2 2496 1 1621 
# 2 2497 1 1622 
# 2 2498 1 1623 
# 2 71 1 1625 
# 2 72 1 1626 
# 2 73 1 1628 
# 2 76 1 1629 
# 1 1631 2 79 
# 2 80 1 1632 
# 2 82 1 1634 
# 1 1636 2 2154 
# 1 1637 2 2155 
# 1 1638 2 2157 
# 1 1639 2 2158 
# 1 1640 2 2159 
# 2 2161 1 1641 
# 2 2162 1 1642 
# 2 2164 1 1645 
# 2 2165 1 1646 
# 1 1647 2 2166 
# 1 1648 2 2167 
# 1 1649 2 2168 
# 1 1650 2 2169 
# 1 1651 2 2170 
# 1 1652 2 2171 
# 1 1653 2 2172 
# 1 1654 2 2173 
# 1 1655 2 2174 
# 1 1656 2 2175 
# 2 2177 1 1657 
# 2 2180 1 1659 
# 2 2183 1 1661 
# 2 2184 1 1662 
# 1 1663 2 2186 
# 1 1664 2 2190 
# 1 1665 2 2191 
# 2 2195 1 1667 
# 2 2196 1 1668 
# 1 1675 2 1774 
# 1 1676 2 1775 
# 2 1776 1 1677 
# 1 1679 2 1777 
# 2 1778 1 1685 
# 2 1779 1 1686 
# 2 1780 1 1691 
# 2 1781 1 1692 
# 2 1783 1 1693 
# 1 1695 2 1785 
# 1 1696 2 1787 
# 1 1698 2 1789 
# 1 1699 2 1790 
# 1 1700 2 1791 
# 1 1702 2 799 
# 2 800 1 1703 
# 2 803 1 1705 
# 2 805 1 1706 
# 2 806 1 1708 
# 2 809 1 1709 
# 1 1711 2 810 
# 1 1712 2 811 
# 1 1714 2 812 
# 1 1715 2 813 
# 2 816 1 1717 
# 2 817 1 1718 
# 2 818 1 1719 
# 2 819 1 1721 
# 2 820 1 1722 
# 2 821 1 1723 
# 2 822 1 1724 
# 2 824 1 1725 
# 2 826 1 1726 
# 1 1727 2 827 
# 1 1728 2 828 
# 1 1732 2 830 
# 1 1733 2 831 
# 2 832 1 1734 
# 2 834 1 1735 
# 2 835 1 1736 
# 2 836 1 1737 
# 2 839 1 1738 
# 2 840 1 1739 
# 2 841 1 1740 
# 2 842 1 1741 
# 2 843 1 1742 
# 1 1743 2 1855 
# 2 1856 1 1744 
# 2 1857 1 1746 
# 2 1858 1 1747 
# 2 1859 1 1749 
# 2 1861 1 1751 
# 2 1862 1 1752 
# 2 1864 1 1755 
# 2 1867 1 1756 
# 2 1868 1 1758 
# 1 1760 2 1869 
# 2 1874 1 1761 
# 2 1875 1 1762 
# 2 1876 1 1763 
# 2 1877 1 1764 
# 2 1878 1 1765 
# 1 1766 2 1881 
# 1 1767 2 1882 
# 1 1768 2 1885 
# 1 1769 2 1886 
# 1 1770 2 1887 
# 2 1888 1 1771 
# 2 1889 1 1772 
# 2 619 1 1774 
# 1 1775 2 620 
# 1 1777 2 621 
# 1 1778 2 622 
# 1 1781 2 623 
# 2 624 1 1784 
# 2 625 1 1785 
# 2 626 1 1786 
# 2 627 1 1787 
# 2 628 1 1789 
# 2 629 1 1790 
# 1 1791 2 630 
# 1 1792 2 631 
# 1 1793 2 632 
# 1 1796 2 634 
# 1 1798 2 635 
# 2 636 1 1804 
# 2 637 1 1806 
# 1 1808 2 638 
# 1 1811 2 639 
# 2 1602 1 1812 
# 2 1604 1 1813 
# 2 1606 1 1816 
# 2 1607 1 1817 
# 2 1608 1 1818 
# 2 1609 1 1820 
# 2 1610 1 1821 
# 1 1823 2 1612 
# 1 1824 2 1614 
# 1 1825 2 1615 
# 2 1616 1 1827 
# 2 1618 1 1829 
# 2 1619 1 1830 
# 2 1621 1 1831 
# 2 2945 1 1838 
# 2 2946 1 1842 
# 2 2947 1 1843 
# 2 2948 1 1845 
# 2 2950 1 1850 
# 2 2951 1 1852 
# 2 2952 1 1854 
# 2 145 1 1856 
# 2 146 1 1857 
# 2 147 1 1858 
# 1 1859 2 149 
# 1 1860 2 150 
# 1 1861 2 152 
# 1 1862 2 153 
# 1 1863 2 154 
# 1 1864 2 155 
# 1 1866 2 156 
# 1 1867 2 157 
# 1 1868 2 158 
# 1 1869 2 159 
# 2 160 1 1870 
# 1 1871 2 161 
# 1 1872 2 162 
# 2 163 1 1874 
# 2 164 1 1875 
# 2 165 1 1876 
# 1 1877 2 167 
# 1 1878 2 168 
# 1 1879 2 169 
# 1 1880 2 170 
# 1 1882 2 879 
# 2 880 1 1884 
# 1 1888 2 882 
# 2 883 1 1891 
# 2 884 1 1893 
# 2 885 1 1895 
# 2 886 1 1897 
# 2 887 1 1898 
# 2 889 1 1901 
# 2 890 1 1902 
# 1 1904 2 1698 
# 1 1905 2 1699 
# 2 1700 1 1908 
# 2 1701 1 1909 
# 2 1702 1 1912 
# 2 1704 1 1916 
# 2 1705 1 1918 
# 1 1919 2 1706 
# 1 1920 2 1707 
# 1 1925 2 1708 
# 1 1928 2 1709 
# 1 1929 2 1710 
# 2 1712 1 1933 
# 1 1935 2 1713 
# 2 1714 1 1939 
# 2 1716 1 1942 
# 2 1717 1 1945 
# 2 1718 1 1949 
# 1 1952 2 1719 
# 1 1957 2 1720 
# 1 1958 2 1038 
# 1 1959 2 1039 
# 2 1040 1 1960 
# 2 1041 1 1961 
# 2 1042 1 1963 
# 2 1043 1 1965 
# 1 1967 2 1045 
# 1 1969 2 1046 
# 1 1970 2 1047 
# 1 1971 2 1048 
# 1 1972 2 1049 
# 1 1973 2 1050 
# 1 1974 2 1051 
# 1 1975 2 1052 
# 1 1976 2 1053 
# 1 1977 2 1054 
# 1 1978 2 1055 
# 2 1056 1 1979 
# 2 1057 1 1982 
# 1 1983 2 1058 
# 1 1984 2 1059 
# 1 1985 2 1061 
# 1 1986 2 1062 
# 1 1987 2 1065 
# 1 1988 2 1066 
# 1 1989 2 1068 
# 1 1990 2 1069 
# 1 1991 2 1070 
# 2 131 1 1996 
# 1 2000 2 132 
# 1 2002 2 135 
# 1 2004 2 136 
# 1 2006 2 137 
# 1 2008 2 138 
# 2 139 1 2011 
# 2 140 1 2014 
# 1 2015 2 141 
# 1 2017 2 142 
# 1 2018 2 143 
# 2 144 1 2021 
# 2 52 1 2023 
# 2 53 1 2024 
# 2 54 1 2025 
# 2 55 1 2026 
# 2 56 1 2027 
# 2 57 1 2028 
# 2 58 1 2029 
# 1 2032 2 60 
# 1 2033 2 61 
# 1 2035 2 62 
# 2 64 1 2037 
# 2 65 1 2039 
# 2 68 1 2041 
# 2 69 1 2044 
# 2 2289 1 2046 
# 2 2290 1 2049 
# 2 2291 1 2050 
# 2 2292 1 2051 
# 2 2293 1 2052 
# 2 2294 1 2053 
# 2 2296 1 2055 
# 2 2297 1 2056 
# 1 2057 2 2299 
# 2 2300 1 2060 
# 2 2301 1 2062 
# 1 2063 2 2302 
# 1 2065 2 2303 
# 2 2304 1 2066 
# 2 2305 1 2068 
# 2 2307 1 2069 
# 2 2309 1 2071 
# 2 2310 1 2072 
# 2 2311 1 2074 
# 2 2312 1 2075 
# 2 389 1 2076 
# 1 2079 2 390 
# 1 2081 2 391 
# 1 2082 2 392 
# 1 2084 2 394 
# 1 2087 2 396 
# 1 2089 2 397 
# 1 2091 2 398 
# 1 2092 2 399 
# 2 400 1 2095 
# 2 401 1 2096 
# 2 402 1 2097 
# 2 403 1 2099 
# 2 404 1 2101 
# 2 405 1 2102 
# 2 406 1 2106 
# 2 407 1 2107 
# 2 408 1 2109 
# 1 2112 2 2887 
# 1 2113 2 2889 
# 1 2114 2 2890 
# 1 2115 2 2891 
# 1 2116 2 2892 
# 1 2117 2 2893 
# 1 2118 2 2894 
# 1 2119 2 2895 
# 2 2896 1 2120 
# 2 2897 1 2121 
# 2 2898 1 2123 
# 2 2899 1 2124 
# 2 2900 1 2125 
# 2 2901 1 2126 
# 1 2128 2 2903 
# 1 2129 2 2904 
# 1 2130 2 2905 
# 1 2131 2 2906 
# 1 2133 2 2907 
# 1 2136 2 2908 
# 2 1121 1 2139 
# 1 2143 2 1122 
# 2 1123 1 2147 
# 2 1124 1 2151 
# 2 1125 1 2155 
# 1 2163 2 1126 
# 2 1128 1 2171 
# 1 2182 2 1129 
# 2 1130 1 2186 
# 2 1132 1 2189 
# 1 2191 2 1133 
# 1 2192 2 231 
# 1 2194 2 232 
# 1 2195 2 234 
# 1 2196 2 235 
# 1 2197 2 236 
# 1 2200 2 237 
# 1 2201 2 238 
# 1 2202 2 239 
# 2 240 1 2203 
# 2 241 1 2206 
# 2 243 1 2213 
# 2 244 1 2214 
# 2 245 1 2216 
# 2 246 1 2217 
# 2 247 1 2220 
# 2 248 1 2221 
# 2 249 1 2222 
# 1 2224 2 250 
# 1 2227 2 251 
# 1 2229 2 252 
# 1 2231 2 253 
# 1 2232 2 254 
# 1 2233 2 255 
# 2 256 1 2235 
# 2 258 1 2236 
# 2 259 1 2237 
# 1 2239 2 260 
# 1 2241 2 262 
# 1 2242 2 263 
# 1 2244 2 264 
# 1 2246 2 265 
# 1 2247 2 266 
# 1 2248 2 267 
# 1 2250 2 269 
# 1 2252 2 271 
# 2 272 1 2255 
# 2 273 1 2257 
# 2 274 1 2258 
# 2 275 1 2259 
# 2 278 1 2263 
# 1 2264 2 2415 
# 2 2418 1 2265 
# 2 2419 1 2267 
# 2 2420 1 2268 
# 2 2421 1 2269 
# 2 2422 1 2270 
# 1 2271 2 2423 
# 1 2272 2 2424 
# 1 2273 2 2425 
# 1 2274 2 2427 
# 1 2275 2 2428 
# 2 2432 1 2276 
# 2 2433 1 2277 
# 2 2434 1 2278 
# 2 2435 1 2280 
# 2 2436 1 2281 
# 2 2439 1 2283 
# 2 2440 1 2284 
# 2 2441 1 2285 
# 1 2287 2 2443 
# 1 2288 2 2444 
# 1 2289 2 2445 
# 1 2291 2 2446 
# 2 2452 1 2293 
# 2 2454 1 2295 
# 2 2455 1 2296 
# 1 2297 2 2459 
# 1 2298 2 2460 
# 2 2461 1 2300 
# 2 2462 1 2301 
# 2 2463 1 2302 
# 2 2464 1 2303 
# 2 2465 1 2304 
# 2 2466 1 2305 
# 2 2467 1 2306 
# 2 2468 1 2307 
# 2 2470 1 2309 
# 2 2471 1 2310 
# 2 2472 1 2312 
# 2 2473 1 2313 
# 2 2475 1 2314 
# 2 2476 1 2315 
# 2 2477 1 2316 
# 1 2319 2 1382 
# 1 2320 2 1384 
# 1 2322 2 1386 
# 1 2323 2 1387 
# 1 2324 2 1388 
# 1 2325 2 1389 
# 1 2326 2 1391 
# 2 1392 1 2327 
# 2 1393 1 2328 
# 2 1394 1 2330 
# 2 1395 1 2331 
# 2 1396 1 2332 
# 1 2335 2 1397 
# 1 2336 2 1399 
# 1 2337 2 570 
# 1 2338 2 574 
# 2 576 1 2339 
# 2 578 1 2341 
# 2 580 1 2342 
# 1 2343 2 587 
# 1 2346 2 591 
# 2 592 1 2347 
# 2 593 1 2348 
# 2 548 1 2349 
# 2 550 1 2350 
# 1 2351 2 551 
# 1 2352 2 552 
# 1 2354 2 554 
# 1 2355 2 556 
# 1 2358 2 558 
# 1 2360 2 559 
# 2 560 1 2362 
# 2 562 1 2363 
# 2 563 1 2364 
# 2 564 1 2365 
# 1 2367 2 566 
# 1 2368 2 567 
# 1 2370 2 568 
# 1 2371 2 569 
# 1 2375 2 1580 
# 1 2376 2 1581 
# 1 2379 2 1582 
# 1 2380 2 1583 
# 2 1584 1 2381 
# 2 1585 1 2382 
# 1 2383 2 1586 
# 1 2384 2 1587 
# 1 2385 2 1588 
# 1 2386 2 1589 
# 1 2387 2 1590 
# 1 2389 2 1591 
# 1 2390 2 1592 
# 2 1593 1 2392 
# 2 1594 1 2393 
# 2 1595 1 2394 
# 2 1596 1 2395 
# 2 1597 1 2396 
# 2 1599 1 2398 
# 2 1600 1 2399 
# 2 1072 1 2400 
# 2 1073 1 2401 
# 2 1074 1 2403 
# 2 1075 1 2404 
# 2 1076 1 2406 
# 2 1078 1 2408 
# 2 1079 1 2409 
# 2 1080 1 2410 
# 2 1081 1 2411 
# 2 1083 1 2412 
# 2 1084 1 2413 
# 2 1085 1 2414 
# 1 2415 2 1086 
# 1 2416 2 1087 
# 2 1088 1 2417 
# 2 1090 1 2418 
# 2 1091 1 2420 
# 2 1092 1 2421 
# 2 1093 1 2422 
# 2 1094 1 2423 
# 2 1095 1 2424 
# 2 640 1 2425 
# 2 644 1 2426 
# 2 647 1 2427 
# 2 648 1 2428 
# 2 650 1 2429 
# 2 651 1 2430 
# 2 659 1 2434 
# 2 660 1 2435 
# 1 2436 2 662 
# 1 2437 2 663 
# 1 2438 2 666 
# 1 2439 2 670 
# 2 675 1 2440 
# 2 679 1 2441 
# 2 680 1 2442 
# 2 684 1 2443 
# 1 2444 2 687 
# 2 690 1 2445 
# 1 2449 2 2920 
# 1 2452 2 2921 
# 1 2453 2 2922 
# 1 2454 2 2923 
# 1 2455 2 2924 
# 1 2456 2 2925 
# 1 2457 2 2926 
# 2 2929 1 2458 
# 2 2930 1 2459 
# 2 2931 1 2461 
# 2 2932 1 2462 
# 1 2463 2 2933 
# 1 2464 2 2935 
# 1 2465 2 2936 
# 1 2466 2 2937 
# 1 2467 2 2938 
# 1 2468 2 2939 
# 1 2469 2 2940 
# 1 2470 2 2941 
# 1 2471 2 2942 
# 1 2472 2 2943 
# 2 2944 1 2473 
# 2 340 1 2474 
# 2 341 1 2475 
# 2 342 1 2477 
# 2 343 1 2478 
# 1 2483 2 346 
# 1 2484 2 347 
# 1 2485 2 351 
# 2 352 1 2487 
# 2 355 1 2488 
# 2 357 1 2490 
# 2 1160 1 2492 
# 2 1162 1 2493 
# 2 1168 1 2495 
# 1 2496 2 1175 
# 1 2497 2 1176 
# 1 2498 2 1181 
# 1 2500 2 1192 
# 1 2501 2 1193 
# 1 2503 2 1195 
# 2 1201 1 2505 
# 2 1206 1 2506 
# 2 1211 1 2507 
# 2 1212 1 2508 
# 2 1218 1 2510 
# 1 2511 2 1223 
# 1 2513 2 1228 
# 1 2514 2 1229 
# 1 2515 2 2077 
# 1 2517 2 2079 
# 2 2084 1 2519 
# 2 2085 1 2521 
# 2 2086 1 2522 
# 2 2089 1 2523 
# 2 2090 1 2524 
# 2 2091 1 2525 
# 1 2529 2 2095 
# 2 2097 1 2530 
# 2 2100 1 2532 
# 1 2533 2 2103 
# 1 2534 2 2105 
# 1 2535 2 2106 
# 1 2537 2 2109 
# 1 2539 2 2111 
# 2 2112 1 2540 
# 2 2113 1 2541 
# 2 2114 1 2542 
# 1 2544 2 2116 
# 1 2546 2 2119 
# 1 2547 2 2120 
# 1 2548 2 2122 
# 1 2550 2 2124 
# 1 2551 2 2125 
# 2 2129 1 2552 
# 2 2130 1 2553 
# 2 2817 1 2555 
# 2 2818 1 2558 
# 1 2561 2 2819 
# 2 2820 1 2563 
# 2 2821 1 2565 
# 2 2822 1 2567 
# 2 2823 1 2573 
# 1 2579 2 2824 
# 1 2581 2 2825 
# 1 2584 2 2826 
# 2 2827 1 2587 
# 2 1 1 2590 
# 1 2592 2 3 
# 1 2593 2 4 
# 1 2594 2 7 
# 1 2595 2 8 
# 1 2596 2 9 
# 1 2597 2 11 
# 1 2598 2 12 
# 1 2599 2 13 
# 1 2600 2 14 
# 1 2601 2 15 
# 2 16 1 2603 
# 2 17 1 2604 
# 2 18 1 2605 
# 2 19 1 2606 
# 1 2607 2 20 
# 1 2608 2 22 
# 1 2609 2 23 
# 1 2610 2 25 
# 1 2611 2 26 
# 1 2612 2 27 
# 2 2000 1 2613 
# 2 2001 1 2614 
# 2 2003 1 2616 
# 2 2004 1 2617 
# 2 2010 1 2618 
# 1 2619 2 2013 
# 1 2620 2 2015 
# 2 2016 1 2621 
# 2 2017 1 2622 
# 1 2623 2 2019 
# 1 2624 2 2020 
# 1 2625 2 2023 
# 1 2626 2 2024 
# 1 2627 2 2027 
# 1 2628 2 2028 
# 1 2630 2 2031 
# 2 2034 1 2631 
# 2 2035 1 2632 
# 2 2039 1 2633 
# 2 2042 1 2634 
# 2 359 1 2635 
# 1 2640 2 360 
# 1 2644 2 363 
# 1 2646 2 364 
# 1 2647 2 365 
# 1 2650 2 367 
# 2 368 1 2652 
# 2 369 1 2654 
# 1 2656 2 370 
# 2 371 1 2658 
# 2 372 1 2660 
# 2 374 1 2664 
# 2 376 1 2665 
# 2 378 1 2667 
# 2 379 1 2669 
# 1 2671 2 380 
# 1 2675 2 381 
# 1 2676 2 382 
# 1 2679 2 383 
# 2 384 1 2680 
# 2 385 1 2681 
# 2 386 1 2682 
# 2 387 1 2683 
# 2 388 1 2684 
# 1 2687 2 2522 
# 1 2690 2 2523 
# 1 2698 2 2524 
# 2 2525 1 2700 
# 2 2527 1 2702 
# 2 2528 1 2707 
# 2 2529 1 2710 
# 2 2531 1 2716 
# 1 2719 2 2532 
# 1 2722 2 2534 
# 1 2723 2 2535 
# 2 2500 1 2729 
# 2 2502 1 2730 
# 2 2503 1 2731 
# 2 2504 1 2732 
# 2 2506 1 2733 
# 2 2508 1 2734 
# 1 2735 2 2511 
# 1 2736 2 2514 
# 1 2737 2 2515 
# 1 2738 2 2516 
# 1 2739 2 2518 
# 1 2740 2 2521 
# 1 2742 2 1134 
# 1 2744 2 1135 
# 2 1136 1 2745 
# 2 1138 1 2747 
# 2 1139 1 2749 
# 1 2752 2 1140 
# 1 2753 2 1141 
# 1 2755 2 1142 
# 1 2756 2 1143 
# 1 2759 2 1145 
# 1 2760 2 1146 
# 1 2762 2 1148 
# 2 1149 1 2764 
# 2 1152 1 2766 
# 2 1153 1 2769 
# 2 1154 1 2771 
# 2 1155 1 2773 
# 2 1157 1 2775 
# 2 1158 1 2776 
# 2 1159 1 2779 
# 2 2131 1 2781 
# 2 2132 1 2782 
# 1 2783 2 2133 
# 1 2785 2 2134 
# 1 2786 2 2135 
# 1 2787 2 2136 
# 1 2788 2 2137 
# 1 2789 2 2140 
# 1 2791 2 2142 
# 2 2144 1 2793 
# 2 2146 1 2794 
# 2 2147 1 2796 
# 2 2149 1 2797 
# 2 2150 1 2798 
# 1 2799 2 2151 
# 1 2800 2 2152 
# 1 2802 2 2347 
# 1 2803 2 2348 
# 1 2804 2 2351 
# 2 2352 1 2805 
# 2 2355 1 2806 
# 2 2358 1 2807 
# 2 2359 1 2808 
# 2 2360 1 2809 
# 2 2361 1 2810 
# 2 2364 1 2811 
# 2 2365 1 2814 
# 1 2815 2 2366 
# 1 2816 2 2367 
# 2 2369 1 2817 
# 1 2818 2 2372 
# 1 2819 2 2373 
# 1 2821 2 2376 
# 1 2822 2 2377 
# 1 2823 2 2383 
# 2 2384 1 2824 
# 2 2387 1 2825 
# 2 2388 1 2827 
# 2 2389 1 2828 
# 2 1923 1 2830 
# 1 2832 2 1926 
# 1 2834 2 1928 
# 1 2835 2 1929 
# 1 2836 2 1931 
# 1 2838 2 1932 
# 1 2839 2 1935 
# 2 1939 1 2842 
# 2 1941 1 2844 
# 2 1943 1 2845 
# 2 2225 1 2848 
# 2 2226 1 2850 
# 2 2227 1 2851 
# 2 2229 1 2852 
# 2 2230 1 2853 
# 1 2854 2 2232 
# 1 2855 2 2234 
# 1 2858 2 2236 
# 1 2859 2 2237 
# 2 2238 1 2861 
# 2 2240 1 2862 
# 1 2863 2 2241 
# 1 2864 2 2242 
# 1 2865 2 2243 
# 1 2866 2 2244 
# 2 2245 1 2868 
# 2 2246 1 2869 
# 1 2870 2 2248 
# 1 2871 2 2249 
# 1 2872 2 2250 
# 1 2873 2 2252 
# 1 2874 2 2254 
# 1 2875 2 2255 
# 2 2256 1 2876 
# 2 2257 1 2877 
# 2 2258 1 2878 
# 1 2879 2 2259 
# 1 2880 2 2260 
# 1 2881 2 2261 
# 1 2882 2 2262 
# 1 2883 2 2263 
# 1 2884 2 2264 
# 1 2885 2 2265 
# 2 1792 1 2886 
# 2 1793 1 2887 
# 2 1794 1 2891 
# 2 1795 1 2892 
# 2 1796 1 2893 
# 2 1797 1 2894 
# 1 2898 2 1800 
# 1 2899 2 1801 
# 1 2903 2 1802 
# 1 2904 2 1803 
# 1 2905 2 1804 
# 1 2906 2 1805 
# 1 2908 2 1806 
# 1 2909 2 1807 
# 2 1808 1 2910 
# 1 2911 2 1809 
# 1 2912 2 1810 
# 2 1811 1 2917 
# 2 1813 1 2918 
# 2 1814 1 2919 
# 2 1815 1 2922 
# 2 1816 1 2923 
# 2 1817 1 2924 
# 2 1818 1 2925 
# 2 1819 1 2926 
# 1 2930 2 1820 
# 1 2931 2 1821 
# 1 2932 2 1822 
# 1 2933 2 1823 
# 2 1824 1 2934 
# 2 1825 1 2938 
# 2 1826 1 2939 
# 2 1827 1 2940 
# 2 1829 1 2941 
# 1 2944 2 1830 
# 1 2945 2 1831 
# 1 2946 2 1832 
# 1 2949 2 1834 
# 1 2950 2 1835 
# 1 2951 2 1836 
# 1 2952 2 1837 
# 1 2956 2 1838 
# 1 2957 2 1839 
# 2 1841 1 2960 
# 2 1842 1 2961 
# 2 1843 1 2962 
# 2 1844 1 2965 
# 2 1846 1 2966 
# 2 1848 1 2970 
# 2 1849 1 2973 
# 2 1850 1 2974 
# 1 2975 2 1853 
# 1 2982 2 1854 
# 2 1096 1 2984 
# 2 1097 1 2985 
# 2 1098 1 2988 
# 2 1099 1 2989 
# 1 2991 2 1101 
# 1 2992 2 1102 
# 1 2993 2 1103 
# 2 1104 1 2994 
# 2 1105 1 2995 
# 2 1106 1 2996 
# 2 1107 1 2997 
# 2 1108 1 2998 
# 2 1109 1 2999 
# 2 1110 1 3002 
# 2 1111 1 3003 
# 2 1112 1 3005 
# 2 1113 1 3006 
# 1 3007 2 1114 
# 1 3008 2 1115 
# 1 3009 2 1116 
# 1 3011 2 1118 
# 1 3012 2 1119 
# 2 1120 1 3013 
# 1 3014 2 1514 
# 1 3015 2 1515 
# 1 3016 2 1516 
# 1 3017 2 1517 
# 1 3018 2 1518 
# 2 1520 1 3019 
# 2 1522 1 3020 
# 2 1524 1 3021 
# 2 1525 1 3022 
# 1 3023 2 1526 
# 1 3024 2 1527 
# 1 3025 2 1528 
# 1 3026 2 1530 
# 1 3028 2 1531 
# 1 3029 2 1532 
# 1 3030 2 1533 
# 1 3031 2 1535 
# 2 1536 1 3032 
# 2 1541 1 3034 
# 2 1542 1 3035 
# 2 1543 1 3036 
# 2 2322 1 3037 
# 1 3039 2 2323 
# 1 3042 2 2325 
# 1 3044 2 2327 
# 2 2328 1 3047 
# 2 2329 1 3049 
# 2 2330 1 3051 
# 2 2331 1 3053 
# 1 3055 2 2332 
# 1 3057 2 2333 
# 1 3059 2 2334 
# 1 3060 2 2335 
# 2 2336 1 3066 
# 2 2337 1 3068 
# 2 2338 1 3070 
# 1 3073 2 2340 
# 2 2342 1 3084 
# 1 3090 2 2345 
# 1 3094 2 1624 
# 1 3096 2 1626 
# 1 3097 2 1627 
# 1 3098 2 1631 
# 2 1633 1 3099 
# 2 1636 1 3100 
# 2 1637 1 3101 
# 1 3103 2 1638 
# 1 3104 2 1641 
# 1 3105 2 1642 
# 1 3106 2 1643 
# 1 3107 2 1645 
# 1 3108 2 1647 
# 2 1648 1 3109 
# 2 1650 1 3110 
# 2 1651 1 3111 
# 2 1653 1 3112 
# 2 1654 1 3113 
# 2 1655 1 3114 
# 2 1660 1 3116 
# 2 1661 1 3117 
# 2 1662 1 3118 
# 1 3119 2 1665 
# 1 3122 2 1669 
# 1 3123 2 1672 
# 1 3124 2 1674 
# 1 3126 2 1676 
# 1 3127 2 1678 
# 2 1680 1 3128 
# 2 1681 1 3129 
# 2 1682 1 3130 
# 2 1684 1 3131 
# 2 1686 1 3133 
# 1 3135 2 1687 
# 1 3136 2 1688 
# 1 3137 2 1690 
# 1 3138 2 1691 
# 1 3139 2 1695 
# 2 1696 1 3140 
# 1 3141 2 2953 
# 1 3142 2 2955 
# 1 3143 2 2957 
# 1 3144 2 2958 
# 1 3145 2 2959 
# 2 2965 1 3148 
# 2 2966 1 3149 
# 2 2967 1 3150 
# 1 3151 2 2969 
# 1 3153 2 2970 
# 1 3154 2 2971 
# 1 3155 2 2972 
# 1 3156 2 2973 
# 1 3158 2 2975 
# 2 2976 1 3159 
# 2 2610 1 3160 
# 2 2611 1 3161 
# 2 2614 1 3162 
# 2 2615 1 3163 
# 2 2616 1 3164 
# 2 2617 1 3165 
# 2 2618 1 3166 
# 1 3167 2 2619 
# 1 3168 2 2620 
# 1 3169 2 2621 
# 1 3170 2 2622 
# 2 2624 1 3171 
# 2 2625 1 3172 
# 2 2627 1 3177 
# 2 2628 1 3178 
# 2 2629 1 3179 
# 2 2630 1 3180 
# 2 2631 1 3181 
# 2 2632 1 3182 
