> 1 synthdata_0
> 2 synthdata_1
# 1 1 2 366 
# 2 370 1 2 
# 2 371 1 3 
# 2 372 1 4 
# 2 374 1 5 
# 1 7 2 377 
# 2 378 1 10 
# 2 379 1 11 
# 2 380 1 12 
# 2 381 1 13 
# 2 385 1 14 
# 1 15 2 386 
# 1 16 2 387 
# 1 17 2 388 
# 1 19 2 2277 
# 1 20 2 2278 
# 2 2279 1 22 
# 2 2280 1 24 
# 2 2281 1 26 
# 2 2282 1 27 
# 2 2283 1 28 
# 2 2284 1 29 
# 2 2285 1 30 
# 1 32 2 2286 
# 1 33 2 2287 
# 2 2288 1 34 
# 2 2290 1 36 
# 2 2291 1 37 
# 2 2292 1 42 
# 2 2293 1 43 
# 2 2295 1 44 
# 2 2296 1 45 
# 1 48 2 483 
# 1 50 2 484 
# 2 485 1 52 
# 2 486 1 53 
# 2 487 1 55 
# 2 488 1 56 
# 2 489 1 58 
# 2 490 1 60 
# 2 492 1 62 
# 1 63 2 493 
# 1 64 2 494 
# 1 65 2 495 
# 2 496 1 67 
# 2 497 1 68 
# 2 498 1 69 
# 2 499 1 71 
# 2 500 1 72 
# 2 501 1 73 
# 2 502 1 75 
# 2 524 1 76 
# 2 526 1 77 
# 2 528 1 78 
# 1 79 2 533 
# 1 80 2 537 
# 1 81 2 539 
# 1 83 2 541 
# 1 84 2 542 
# 1 85 2 543 
# 2 545 1 86 
# 2 546 1 87 
# 2 944 1 89 
# 2 947 1 91 
# 2 948 1 92 
# 2 951 1 93 
# 2 952 1 94 
# 1 96 2 956 
# 1 97 2 957 
# 1 99 2 958 
# 2 962 1 100 
# 2 963 1 101 
# 2 965 1 102 
# 2 966 1 103 
# 2 970 1 105 
# 2 971 1 106 
# 1 107 2 973 
# 1 108 2 974 
# 1 111 2 977 
# 1 113 2 981 
# 1 115 2 984 
# 1 117 2 991 
# 2 993 1 118 
# 2 997 1 120 
# 1 121 2 1023 
# 2 1025 1 122 
# 2 1027 1 123 
# 2 1029 1 124 
# 2 1032 1 125 
# 2 1033 1 126 
# 2 1040 1 128 
# 2 1042 1 129 
# 1 130 2 1047 
# 1 131 2 1049 
# 1 132 2 2362 
# 1 133 2 2363 
# 1 134 2 2364 
# 1 136 2 2365 
# 1 138 2 2367 
# 2 2368 1 141 
# 2 2369 1 145 
# 2 2371 1 147 
# 2 2372 1 149 
# 2 2373 1 150 
# 1 152 2 1627 
# 1 153 2 1628 
# 1 154 2 1629 
# 1 157 2 1631 
# 2 1632 1 158 
# 1 160 2 1634 
# 1 161 2 1636 
# 1 162 2 1637 
# 1 163 2 1638 
# 1 164 2 1639 
# 1 166 2 1640 
# 1 167 2 1642 
# 1 169 2 1643 
# 2 1646 1 174 
# 2 1648 1 176 
# 2 1650 1 178 
# 2 1651 1 179 
# 2 1652 1 180 
# 2 1653 1 181 
# 2 1654 1 182 
# 2 1655 1 183 
# 2 1656 1 184 
# 1 185 2 1659 
# 2 1661 1 188 
# 2 1662 1 190 
# 2 1664 1 192 
# 2 1665 1 193 
# 2 1666 1 194 
# 2 1668 1 195 
# 2 1669 1 196 
# 2 2198 1 198 
# 2 2199 1 199 
# 2 2200 1 200 
# 2 2201 1 201 
# 2 2202 1 202 
# 2 2204 1 203 
# 2 2205 1 204 
# 2 2206 1 205 
# 1 208 2 2207 
# 2 2208 1 210 
# 2 2209 1 211 
# 2 2210 1 212 
# 2 2211 1 213 
# 2 2212 1 215 
# 2 2213 1 216 
# 2 2214 1 219 
# 2 2215 1 220 
# 2 2216 1 221 
# 2 2217 1 222 
# 1 223 2 2218 
# 1 224 2 2219 
# 1 225 2 2220 
# 1 226 2 2221 
# 1 228 2 2222 
# 1 230 2 2223 
# 2 2224 1 231 
# 2 2225 1 232 
# 2 2227 1 234 
# 2 2228 1 235 
# 2 2229 1 236 
# 2 1480 1 237 
# 2 1483 1 238 
# 1 240 2 1486 
# 1 241 2 1487 
# 2 1490 1 242 
# 1 244 2 1494 
# 1 245 2 1496 
# 1 246 2 1497 
# 1 247 2 1500 
# 1 248 2 1501 
# 2 1504 1 249 
# 2 1507 1 251 
# 2 1510 1 252 
# 2 1511 1 253 
# 2 1514 1 254 
# 1 255 2 1515 
# 1 256 2 1517 
# 1 257 2 1518 
# 2 1523 1 258 
# 1 259 2 1526 
# 1 260 2 1527 
# 1 261 2 1528 
# 2 2818 1 262 
# 2 2820 1 266 
# 2 2821 1 268 
# 2 2823 1 269 
# 2 2826 1 270 
# 1 271 2 2827 
# 1 272 2 2828 
# 1 273 2 2829 
# 1 274 2 2830 
# 1 276 2 2831 
# 2 2832 1 277 
# 2 2834 1 278 
# 2 2835 1 279 
# 2 2836 1 280 
# 2 2837 1 281 
# 2 2838 1 282 
# 2 2839 1 283 
# 2 2840 1 284 
# 2 419 1 286 
# 1 288 2 420 
# 1 289 2 421 
# 1 290 2 422 
# 1 291 2 423 
# 1 293 2 427 
# 1 295 2 428 
# 1 296 2 429 
# 1 297 2 430 
# 1 298 2 431 
# 2 432 1 299 
# 2 434 1 300 
# 1 303 2 436 
# 1 304 2 438 
# 1 305 2 439 
# 1 307 2 442 
# 1 308 2 444 
# 1 309 2 445 
# 1 310 2 446 
# 1 311 2 447 
# 2 160 1 313 
# 2 162 1 314 
# 2 166 1 315 
# 2 167 1 316 
# 2 170 1 318 
# 1 319 2 171 
# 1 320 2 174 
# 1 322 2 175 
# 2 177 1 323 
# 2 179 1 325 
# 2 181 1 326 
# 2 182 1 327 
# 2 184 1 328 
# 1 330 2 460 
# 1 331 2 462 
# 1 332 2 463 
# 2 464 1 333 
# 2 465 1 334 
# 1 336 2 468 
# 1 338 2 469 
# 1 339 2 470 
# 1 340 2 471 
# 1 341 2 472 
# 1 342 2 473 
# 1 343 2 474 
# 1 344 2 475 
# 1 345 2 476 
# 1 348 2 478 
# 2 481 1 349 
# 2 482 1 350 
# 1 351 2 2497 
# 1 352 2 2499 
# 1 354 2 2500 
# 1 356 2 2502 
# 1 357 2 2503 
# 1 358 2 2504 
# 2 2506 1 361 
# 1 362 2 2508 
# 1 363 2 2509 
# 1 364 2 2511 
# 2 2512 1 365 
# 2 2514 1 366 
# 1 367 2 2515 
# 1 369 2 2516 
# 1 370 2 2517 
# 1 371 2 2520 
# 1 372 2 2524 
# 1 373 2 2526 
# 1 374 2 2527 
# 2 2528 1 375 
# 2 2531 1 377 
# 2 2532 1 378 
# 2 2534 1 380 
# 2 2535 1 381 
# 1 383 2 2537 
# 1 384 2 2538 
# 1 385 2 2541 
# 1 386 2 2543 
# 1 388 2 2298 
# 1 390 2 2300 
# 1 392 2 2301 
# 1 393 2 2302 
# 1 394 2 2303 
# 2 2304 1 397 
# 2 2305 1 398 
# 1 402 2 2308 
# 2 2309 1 404 
# 1 405 2 2311 
# 2 2312 1 411 
# 2 2313 1 412 
# 1 415 2 2315 
# 1 416 2 2316 
# 1 417 2 2317 
# 1 418 2 2318 
# 1 420 2 2319 
# 2 2320 1 421 
# 2 2321 1 422 
# 2 2322 1 423 
# 2 2323 1 424 
# 2 2324 1 425 
# 2 2325 1 426 
# 2 2326 1 428 
# 2 2327 1 430 
# 1 431 2 2328 
# 1 432 2 2329 
# 1 433 2 2330 
# 1 436 2 2332 
# 1 438 2 2333 
# 1 440 2 2335 
# 2 2336 1 441 
# 2 2337 1 442 
# 2 2338 1 445 
# 2 2928 1 446 
# 1 447 2 2929 
# 2 2930 1 449 
# 2 2931 1 450 
# 2 2933 1 452 
# 2 2934 1 453 
# 2 2935 1 454 
# 2 2936 1 455 
# 2 2937 1 456 
# 2 2938 1 457 
# 2 2939 1 458 
# 2 2940 1 459 
# 2 2941 1 460 
# 2 2942 1 461 
# 1 463 2 2943 
# 2 2944 1 464 
# 2 2945 1 465 
# 2 2128 1 466 
# 2 2129 1 472 
# 2 2131 1 473 
# 2 2133 1 474 
# 1 483 2 2135 
# 1 485 2 2136 
# 1 486 2 2137 
# 1 488 2 2138 
# 1 489 2 2139 
# 1 490 2 2140 
# 1 491 2 2141 
# 2 2142 1 493 
# 1 495 2 2143 
# 2 2144 1 497 
# 2 389 1 502 
# 2 390 1 505 
# 2 391 1 506 
# 2 392 1 507 
# 2 393 1 508 
# 2 394 1 509 
# 1 511 2 395 
# 1 512 2 396 
# 1 514 2 398 
# 1 515 2 399 
# 2 400 1 516 
# 2 401 1 517 
# 2 402 1 518 
# 2 403 1 520 
# 2 404 1 521 
# 2 405 1 522 
# 2 406 1 523 
# 2 407 1 525 
# 2 410 1 526 
# 1 527 2 411 
# 1 529 2 413 
# 1 530 2 414 
# 1 531 2 1053 
# 2 1056 1 533 
# 2 1057 1 534 
# 2 1059 1 536 
# 2 1061 1 537 
# 2 1064 1 538 
# 2 1066 1 539 
# 2 1069 1 540 
# 2 1072 1 541 
# 2 1073 1 542 
# 1 543 2 1074 
# 1 544 2 210 
# 1 545 2 214 
# 1 546 2 216 
# 1 547 2 217 
# 1 550 2 223 
# 2 224 1 551 
# 2 227 1 552 
# 2 228 1 553 
# 2 229 1 554 
# 2 230 1 555 
# 2 232 1 556 
# 2 233 1 557 
# 2 236 1 558 
# 1 560 2 238 
# 2 243 1 562 
# 2 2146 1 564 
# 2 2148 1 568 
# 2 2150 1 569 
# 2 2152 1 572 
# 2 2154 1 573 
# 1 575 2 2155 
# 1 576 2 2156 
# 1 577 2 2157 
# 1 578 2 2158 
# 1 579 2 2159 
# 2 2160 1 580 
# 2 2161 1 581 
# 2 2162 1 582 
# 2 2163 1 583 
# 2 2164 1 584 
# 2 2165 1 585 
# 2 2166 1 587 
# 2 2168 1 588 
# 2 2170 1 590 
# 1 592 2 2174 
# 1 594 2 1736 
# 1 600 2 1738 
# 1 608 2 1740 
# 1 613 2 1741 
# 1 616 2 1742 
# 1 620 2 1743 
# 2 1744 1 623 
# 2 1745 1 625 
# 2 1746 1 628 
# 2 1747 1 631 
# 2 1748 1 634 
# 1 643 2 1749 
# 2 1750 1 646 
# 2 1751 1 650 
# 2 1752 1 652 
# 1 655 2 1753 
# 1 662 2 1754 
# 1 663 2 1755 
# 1 671 2 1756 
# 1 672 2 1757 
# 1 679 2 1758 
# 1 680 2 1759 
# 1 689 2 684 
# 1 690 2 685 
# 1 691 2 687 
# 2 688 1 692 
# 2 689 1 693 
# 2 690 1 694 
# 2 691 1 695 
# 2 692 1 696 
# 2 693 1 697 
# 2 694 1 698 
# 2 695 1 699 
# 2 696 1 700 
# 2 697 1 701 
# 2 698 1 702 
# 1 703 2 699 
# 1 704 2 700 
# 1 706 2 701 
# 1 708 2 702 
# 1 709 2 703 
# 2 705 1 710 
# 2 706 1 711 
# 2 708 1 712 
# 2 709 1 713 
# 1 714 2 2732 
# 1 715 2 2733 
# 1 716 2 2734 
# 2 2736 1 717 
# 2 2737 1 718 
# 1 720 2 2739 
# 1 721 2 2741 
# 1 723 2 2743 
# 1 724 2 2744 
# 1 725 2 2745 
# 1 726 2 2746 
# 1 727 2 2750 
# 1 728 2 2751 
# 2 2754 1 729 
# 2 2757 1 731 
# 2 2760 1 732 
# 2 2761 1 733 
# 2 2764 1 734 
# 1 735 2 2609 
# 1 736 2 2610 
# 1 737 2 2611 
# 2 2612 1 739 
# 2 2613 1 740 
# 1 741 2 2616 
# 1 742 2 2617 
# 1 743 2 2618 
# 1 744 2 2620 
# 1 745 2 2621 
# 1 746 2 2622 
# 1 747 2 2623 
# 2 2625 1 748 
# 2 2626 1 749 
# 2 2628 1 750 
# 1 751 2 2631 
# 1 752 2 2632 
# 2 2785 1 753 
# 2 2787 1 755 
# 2 2788 1 756 
# 2 2792 1 759 
# 2 2794 1 761 
# 2 2795 1 762 
# 2 2796 1 763 
# 2 2797 1 766 
# 1 767 2 2798 
# 1 770 2 2799 
# 2 2800 1 771 
# 2 2801 1 772 
# 2 2802 1 774 
# 2 2804 1 775 
# 2 2805 1 777 
# 2 2806 1 778 
# 2 2807 1 780 
# 2 2809 1 782 
# 1 783 2 2810 
# 1 784 2 2811 
# 1 786 2 2813 
# 1 787 2 2814 
# 1 789 2 2815 
# 2 2817 1 791 
# 2 2841 1 792 
# 2 2842 1 793 
# 2 2844 1 796 
# 1 797 2 2847 
# 2 2848 1 798 
# 1 799 2 2849 
# 1 800 2 2851 
# 1 801 2 2852 
# 2 2853 1 804 
# 2 2854 1 805 
# 2 2855 1 808 
# 2 2856 1 809 
# 2 2857 1 810 
# 2 2858 1 811 
# 2 2861 1 812 
# 2 2862 1 813 
# 2 735 1 814 
# 2 736 1 815 
# 1 816 2 738 
# 2 739 1 818 
# 1 819 2 742 
# 1 821 2 746 
# 1 822 2 749 
# 1 823 2 751 
# 2 752 1 824 
# 2 754 1 825 
# 2 755 1 826 
# 2 756 1 827 
# 2 760 1 828 
# 2 762 1 829 
# 2 763 1 830 
# 1 831 2 764 
# 1 832 2 765 
# 2 768 1 834 
# 2 772 1 836 
# 2 774 1 837 
# 1 839 2 782 
# 1 840 2 783 
# 2 785 1 841 
# 2 787 1 842 
# 2 788 1 843 
# 2 792 1 844 
# 2 248 1 845 
# 1 847 2 249 
# 1 848 2 250 
# 1 850 2 251 
# 1 851 2 252 
# 1 852 2 253 
# 1 853 2 254 
# 1 854 2 255 
# 2 256 1 855 
# 2 257 1 856 
# 2 259 1 857 
# 2 260 1 858 
# 2 261 1 859 
# 2 262 1 860 
# 2 263 1 861 
# 1 863 2 265 
# 1 864 2 266 
# 1 865 2 268 
# 1 868 2 269 
# 1 869 2 270 
# 1 871 2 271 
# 2 272 1 872 
# 2 273 1 874 
# 2 274 1 875 
# 2 275 1 876 
# 2 276 1 877 
# 1 879 2 279 
# 1 880 2 280 
# 1 881 2 281 
# 1 882 2 282 
# 1 884 2 285 
# 1 885 2 286 
# 1 886 2 287 
# 2 288 1 887 
# 2 289 1 888 
# 2 291 1 890 
# 2 292 1 894 
# 1 897 2 294 
# 1 899 2 295 
# 2 296 1 903 
# 2 297 1 904 
# 2 298 1 905 
# 2 299 1 906 
# 2 300 1 907 
# 2 301 1 908 
# 2 304 1 909 
# 2 305 1 910 
# 1 912 2 306 
# 1 914 2 308 
# 1 916 2 310 
# 1 917 2 311 
# 1 918 2 312 
# 2 1124 1 920 
# 2 1125 1 921 
# 2 1126 1 922 
# 2 1127 1 923 
# 2 1128 1 924 
# 2 1129 1 926 
# 1 927 2 1131 
# 1 928 2 1133 
# 1 929 2 1134 
# 1 930 2 1135 
# 2 1137 1 931 
# 2 1140 1 932 
# 2 1141 1 933 
# 2 1142 1 934 
# 2 1143 1 935 
# 2 1144 1 937 
# 2 1145 1 938 
# 2 1147 1 939 
# 2 1149 1 940 
# 2 884 1 941 
# 1 944 2 886 
# 1 945 2 889 
# 1 946 2 890 
# 1 947 2 891 
# 1 949 2 893 
# 1 950 2 895 
# 2 897 1 952 
# 2 898 1 953 
# 2 899 1 954 
# 2 900 1 955 
# 2 901 1 956 
# 2 903 1 957 
# 2 905 1 958 
# 1 962 2 907 
# 1 964 2 909 
# 1 966 2 910 
# 2 912 1 968 
# 2 913 1 969 
# 2 914 1 970 
# 2 916 1 971 
# 2 917 1 972 
# 2 918 1 974 
# 1 975 2 922 
# 1 976 2 923 
# 1 977 2 925 
# 1 978 2 926 
# 1 979 2 927 
# 2 928 1 980 
# 2 929 1 981 
# 2 932 1 984 
# 2 936 1 986 
# 2 937 1 987 
# 2 939 1 988 
# 2 2045 1 989 
# 1 992 2 2055 
# 1 994 2 2062 
# 1 998 2 2072 
# 1 999 2 2077 
# 2 2090 1 1001 
# 2 2100 1 1003 
# 2 2102 1 1004 
# 2 2107 1 1005 
# 1 1007 2 2110 
# 2 2114 1 1009 
# 2 2115 1 1011 
# 1 1012 2 2118 
# 1 1013 2 2121 
# 1 1014 2 2122 
# 1 1015 2 2124 
# 2 601 1 1017 
# 2 603 1 1018 
# 2 604 1 1019 
# 2 605 1 1020 
# 2 606 1 1021 
# 2 607 1 1022 
# 1 1023 2 609 
# 1 1024 2 611 
# 1 1025 2 613 
# 1 1026 2 616 
# 1 1027 2 617 
# 1 1028 2 618 
# 1 1029 2 620 
# 1 1030 2 621 
# 1 1031 2 622 
# 1 1032 2 623 
# 2 624 1 1033 
# 2 625 1 1034 
# 2 626 1 1035 
# 2 1608 1 1036 
# 1 1039 2 1611 
# 1 1040 2 1614 
# 2 1616 1 1041 
# 2 1617 1 1042 
# 2 1620 1 1043 
# 2 1621 1 1044 
# 1 1045 2 1625 
# 2 711 1 1047 
# 2 712 1 1048 
# 2 714 1 1049 
# 1 1050 2 718 
# 2 720 1 1051 
# 2 724 1 1052 
# 2 728 1 1053 
# 2 730 1 1054 
# 1 1056 2 2342 
# 1 1057 2 2343 
# 1 1060 2 2344 
# 2 2345 1 1064 
# 2 2346 1 1067 
# 2 2347 1 1069 
# 1 1073 2 2348 
# 1 1077 2 2349 
# 1 1080 2 2350 
# 1 1081 2 2351 
# 2 2352 1 1084 
# 1 1087 2 2354 
# 1 1088 2 2355 
# 2 2356 1 1092 
# 2 2358 1 1096 
# 2 2359 1 1097 
# 2 2360 1 1100 
# 2 2361 1 1101 
# 1 1105 2 2633 
# 2 2644 1 1108 
# 1 1109 2 2648 
# 1 1110 2 2652 
# 2 2656 1 1111 
# 2 2659 1 1112 
# 2 2663 1 1113 
# 1 1114 2 2670 
# 2 2673 1 1115 
# 2 2678 1 1116 
# 2 1433 1 1117 
# 1 1119 2 1435 
# 1 1120 2 1438 
# 1 1122 2 1439 
# 2 1440 1 1123 
# 2 1441 1 1124 
# 2 1442 1 1126 
# 2 1443 1 1127 
# 2 1444 1 1128 
# 2 1446 1 1130 
# 2 1448 1 1131 
# 2 1449 1 1132 
# 2 1450 1 1133 
# 2 1451 1 1134 
# 1 1135 2 1452 
# 1 1137 2 1453 
# 1 1138 2 1454 
# 1 1142 2 79 
# 2 80 1 1144 
# 2 81 1 1146 
# 2 82 1 1148 
# 1 1152 2 83 
# 2 84 1 1156 
# 2 85 1 1157 
# 2 86 1 1159 
# 2 87 1 1160 
# 2 88 1 1161 
# 2 89 1 1163 
# 2 90 1 1165 
# 1 1167 2 91 
# 1 1169 2 92 
# 1 1171 2 93 
# 1 1173 2 94 
# 1 1175 2 95 
# 2 97 1 1178 
# 1 1183 2 98 
# 2 99 1 1186 
# 2 100 1 1188 
# 2 1222 1 1193 
# 2 1226 1 1194 
# 2 1227 1 1195 
# 2 1229 1 1196 
# 1 1199 2 1233 
# 1 1200 2 1234 
# 1 1201 2 1235 
# 1 1202 2 1237 
# 1 1205 2 1239 
# 1 1208 2 1243 
# 1 1209 2 1247 
# 2 1248 1 1210 
# 2 1251 1 1211 
# 2 1252 1 1212 
# 2 1256 1 1214 
# 1 1216 2 1260 
# 1 1217 2 1263 
# 1 1219 2 2863 
# 2 2864 1 1221 
# 2 2865 1 1222 
# 2 2866 1 1223 
# 2 2868 1 1224 
# 2 2869 1 1225 
# 2 2871 1 1226 
# 2 2872 1 1228 
# 2 2873 1 1229 
# 1 1231 2 2875 
# 1 1232 2 2876 
# 1 1233 2 2877 
# 1 1234 2 2879 
# 2 2880 1 1235 
# 2 2882 1 1236 
# 2 2883 1 1237 
# 2 1810 1 1239 
# 2 1813 1 1240 
# 1 1242 2 1820 
# 1 1243 2 1823 
# 2 1827 1 1244 
# 2 1830 1 1245 
# 2 1833 1 1246 
# 1 1248 2 1839 
# 2 1842 1 1249 
# 1 1250 2 1845 
# 1 1252 2 1854 
# 1 1253 2 1855 
# 2 1858 1 1254 
# 2 1860 1 1255 
# 2 1864 1 1256 
# 1 1257 2 1867 
# 1 1258 2 1869 
# 2 1874 1 1259 
# 2 1882 1 1261 
# 1 1263 2 1887 
# 1 1264 2 1894 
# 1 1266 2 1897 
# 1 1267 2 1898 
# 1 1268 2 1900 
# 1 1269 2 1901 
# 1 1270 2 1903 
# 2 1909 1 1272 
# 2 1910 1 1273 
# 2 1913 1 1274 
# 2 1915 1 1275 
# 2 1916 1 1277 
# 2 1917 1 1278 
# 1 1279 2 1918 
# 2 1920 1 1280 
# 2 1921 1 1282 
# 2 1922 1 1283 
# 2 1926 1 1285 
# 1 1286 2 1929 
# 1 1287 2 1930 
# 1 1288 2 1931 
# 1 1290 2 1934 
# 2 313 1 1292 
# 2 316 1 1293 
# 2 317 1 1294 
# 1 1296 2 324 
# 1 1297 2 325 
# 1 1298 2 329 
# 1 1299 2 330 
# 1 1300 2 335 
# 2 337 1 1301 
# 2 340 1 1302 
# 2 341 1 1303 
# 2 344 1 1304 
# 2 345 1 1305 
# 1 1306 2 349 
# 1 1307 2 350 
# 2 354 1 1308 
# 2 355 1 1309 
# 1 1311 2 359 
# 1 1312 2 363 
# 1 1314 2 365 
# 2 1 1 1315 
# 2 2 1 1316 
# 2 4 1 1317 
# 2 5 1 1318 
# 2 6 1 1319 
# 2 7 1 1320 
# 2 8 1 1321 
# 2 9 1 1322 
# 2 10 1 1323 
# 2 11 1 1325 
# 2 12 1 1326 
# 1 1327 2 13 
# 1 1329 2 14 
# 1 1330 2 15 
# 2 16 1 1331 
# 2 17 1 1332 
# 2 18 1 1333 
# 2 20 1 1334 
# 2 21 1 1335 
# 2 23 1 1336 
# 2 24 1 1337 
# 2 25 1 1338 
# 2 1347 1 1341 
# 2 1348 1 1342 
# 1 1343 2 1350 
# 1 1344 2 1351 
# 1 1345 2 1352 
# 1 1346 2 1353 
# 1 1347 2 1354 
# 1 1349 2 1355 
# 1 1350 2 1356 
# 1 1352 2 1359 
# 2 1360 1 1353 
# 2 1361 1 1355 
# 2 1362 1 1356 
# 2 1363 1 1357 
# 2 1364 1 1358 
# 1 1360 2 1365 
# 1 1361 2 1366 
# 1 1363 2 1367 
# 1 1364 2 1368 
# 1 1365 2 1369 
# 1 1366 2 125 
# 2 128 1 1367 
# 2 134 1 1368 
# 1 1369 2 142 
# 2 146 1 1370 
# 2 149 1 1371 
# 2 157 1 1373 
# 2 159 1 1374 
# 1 1375 2 2374 
# 1 1376 2 2375 
# 1 1377 2 2376 
# 1 1378 2 2377 
# 1 1381 2 2378 
# 1 1382 2 2379 
# 1 1383 2 2380 
# 1 1384 2 2381 
# 1 1385 2 2382 
# 1 1386 2 2383 
# 2 2384 1 1387 
# 2 2385 1 1388 
# 2 2386 1 1390 
# 1 1391 2 2387 
# 1 1393 2 2388 
# 2 2392 1 1399 
# 2 2394 1 1401 
# 2 2395 1 1402 
# 1 1403 2 2397 
# 2 2398 1 1405 
# 2 2400 1 1406 
# 1 1407 2 2401 
# 1 1408 2 2402 
# 1 1410 2 2404 
# 2 2405 1 1412 
# 2 2407 1 1418 
# 2 2408 1 1420 
# 2 2410 1 1421 
# 2 2411 1 1422 
# 1 1424 2 2412 
# 1 1426 2 2413 
# 1 1427 2 2414 
# 2 2416 1 1429 
# 2 2417 1 1431 
# 2 2419 1 1433 
# 2 2420 1 1435 
# 2 2421 1 1436 
# 2 2422 1 1437 
# 2 2423 1 1438 
# 1 1440 2 2424 
# 1 1444 2 2425 
# 1 1445 2 2427 
# 1 1446 2 2428 
# 1 1447 2 1198 
# 1 1448 2 1199 
# 2 1200 1 1449 
# 2 1201 1 1451 
# 2 1203 1 1453 
# 2 1204 1 1454 
# 1 1456 2 1205 
# 1 1459 2 1206 
# 1 1461 2 1207 
# 1 1462 2 1208 
# 1 1463 2 1209 
# 2 1210 1 1465 
# 2 1211 1 1466 
# 2 1212 1 1468 
# 2 1213 1 1469 
# 1 1471 2 1214 
# 1 1472 2 1215 
# 2 1216 1 1475 
# 2 1217 1 1477 
# 2 1218 1 1478 
# 2 1219 1 1480 
# 2 1221 1 1483 
# 2 629 1 1485 
# 2 630 1 1486 
# 1 1487 2 633 
# 1 1488 2 637 
# 1 1489 2 638 
# 2 641 1 1490 
# 2 644 1 1491 
# 2 645 1 1492 
# 1 1493 2 647 
# 1 1494 2 649 
# 1 1495 2 652 
# 2 656 1 1497 
# 2 660 1 1498 
# 2 662 1 1499 
# 2 665 1 1500 
# 2 666 1 1501 
# 2 676 1 1502 
# 1 1504 2 679 
# 1 1505 2 681 
# 2 2451 1 1508 
# 2 2452 1 1509 
# 2 2453 1 1511 
# 2 2454 1 1512 
# 2 2455 1 1514 
# 2 2456 1 1515 
# 2 2457 1 1518 
# 1 1521 2 2458 
# 1 1522 2 2459 
# 1 1526 2 2460 
# 1 1527 2 2461 
# 1 1529 2 2462 
# 1 1530 2 2463 
# 2 2465 1 1532 
# 1 1536 2 2466 
# 1 1537 2 2467 
# 2 2468 1 1539 
# 2 2469 1 1542 
# 2 2470 1 1543 
# 2 999 1 1545 
# 2 1001 1 1546 
# 2 1005 1 1548 
# 2 1006 1 1549 
# 2 1007 1 1550 
# 2 1008 1 1551 
# 2 1009 1 1552 
# 2 1010 1 1553 
# 1 1554 2 1012 
# 1 1555 2 1013 
# 1 1556 2 1014 
# 1 1557 2 1015 
# 2 1016 1 1559 
# 2 1017 1 1560 
# 2 1018 1 1561 
# 2 1020 1 1563 
# 2 1021 1 1564 
# 2 1022 1 1565 
# 1 1574 2 2907 
# 1 1575 2 2908 
# 2 2909 1 1582 
# 1 1584 2 2910 
# 2 2913 1 1597 
# 2 2914 1 1603 
# 2 2915 1 1611 
# 2 2916 1 1620 
# 2 2917 1 1622 
# 2 2918 1 1628 
# 1 1635 2 2920 
# 2 2921 1 1645 
# 1 1647 2 2922 
# 1 1654 2 2923 
# 1 1656 2 2924 
# 2 2925 1 1660 
# 1 1673 2 2926 
# 1 1677 2 2927 
# 1 1682 2 1703 
# 1 1684 2 1704 
# 1 1685 2 1705 
# 1 1686 2 1706 
# 1 1687 2 1707 
# 1 1688 2 1710 
# 1 1689 2 1711 
# 2 1713 1 1690 
# 2 1714 1 1691 
# 2 1716 1 1692 
# 2 1718 1 1693 
# 2 1719 1 1694 
# 1 1695 2 1721 
# 1 1698 2 1726 
# 1 1699 2 1727 
# 2 1729 1 1700 
# 2 1732 1 1702 
# 2 1733 1 1703 
# 2 1735 1 1704 
# 2 1175 1 1705 
# 2 1176 1 1706 
# 2 1177 1 1707 
# 2 1179 1 1708 
# 2 1180 1 1709 
# 2 1181 1 1710 
# 1 1711 2 1182 
# 1 1712 2 1183 
# 2 1185 1 1713 
# 2 1186 1 1714 
# 2 1187 1 1715 
# 2 1188 1 1716 
# 2 1189 1 1717 
# 2 1190 1 1718 
# 2 1191 1 1719 
# 2 1193 1 1720 
# 2 1196 1 1723 
# 2 1197 1 1725 
# 2 2544 1 1726 
# 1 1727 2 2545 
# 2 2546 1 1729 
# 2 2547 1 1730 
# 2 2548 1 1731 
# 2 2551 1 1734 
# 2 2552 1 1735 
# 2 2553 1 1736 
# 2 2554 1 1738 
# 2 2555 1 1740 
# 2 2557 1 1741 
# 2 2558 1 1742 
# 1 1743 2 2559 
# 2 2560 1 1744 
# 2 2561 1 1746 
# 2 2563 1 1749 
# 2 2565 1 1751 
# 2 568 1 1753 
# 2 570 1 1754 
# 2 576 1 1755 
# 1 1760 2 591 
# 1 1762 2 1962 
# 1 1764 2 1963 
# 1 1766 2 1966 
# 1 1767 2 1967 
# 2 1968 1 1771 
# 2 1969 1 1773 
# 1 1775 2 1970 
# 1 1776 2 1971 
# 1 1777 2 1973 
# 1 1778 2 1974 
# 1 1779 2 1975 
# 1 1782 2 1976 
# 1 1783 2 1977 
# 1 1784 2 2765 
# 1 1785 2 2766 
# 1 1786 2 2767 
# 2 2768 1 1787 
# 2 2769 1 1789 
# 1 1791 2 2770 
# 1 1792 2 2771 
# 1 1793 2 2773 
# 1 1795 2 2774 
# 1 1796 2 2775 
# 1 1798 2 2777 
# 1 1799 2 2778 
# 1 1800 2 2779 
# 1 1801 2 2780 
# 1 1804 2 2782 
# 1 1805 2 2783 
# 2 2784 1 1807 
# 2 1936 1 1812 
# 2 1938 1 1815 
# 2 1940 1 1816 
# 2 1941 1 1817 
# 2 1942 1 1818 
# 1 1824 2 1946 
# 1 1825 2 1947 
# 1 1828 2 1948 
# 1 1829 2 1949 
# 2 1953 1 1834 
# 2 1954 1 1836 
# 2 1956 1 1837 
# 2 1957 1 1838 
# 1 1840 2 1958 
# 1 1841 2 1959 
# 1 1842 2 1960 
# 1 1843 2 1961 
# 2 1076 1 1845 
# 2 1077 1 1849 
# 2 1078 1 1850 
# 2 1079 1 1852 
# 2 1080 1 1854 
# 1 1858 2 1081 
# 1 1860 2 1082 
# 1 1862 2 1083 
# 1 1864 2 1084 
# 1 1865 2 1085 
# 1 1866 2 1086 
# 1 1868 2 1087 
# 2 1088 1 1869 
# 2 2007 1 1870 
# 1 1871 2 2009 
# 1 1872 2 2010 
# 1 1873 2 2012 
# 1 1874 2 2013 
# 1 1875 2 2015 
# 2 2018 1 1877 
# 2 2019 1 1878 
# 2 2021 1 1879 
# 2 2024 1 1880 
# 2 2026 1 1881 
# 2 2027 1 1882 
# 1 1883 2 2029 
# 2 2034 1 1885 
# 1 1887 2 2036 
# 1 1888 2 2037 
# 1 1889 2 2039 
# 1 1890 2 2042 
# 1 1891 2 1772 
# 1 1892 2 1774 
# 2 1777 1 1893 
# 2 1778 1 1894 
# 2 1780 1 1896 
# 2 1784 1 1897 
# 2 1785 1 1898 
# 2 1786 1 1899 
# 2 1788 1 1900 
# 2 1789 1 1901 
# 2 1791 1 1902 
# 1 1904 2 1794 
# 1 1905 2 1796 
# 1 1907 2 1798 
# 1 1909 2 1802 
# 1 1910 2 1803 
# 1 1912 2 1804 
# 1 1913 2 1805 
# 1 1915 2 1806 
# 1 1916 2 1807 
# 2 1809 1 1917 
# 2 1760 1 1918 
# 1 1919 2 1763 
# 1 1922 2 1764 
# 2 1768 1 1928 
# 2 1769 1 1930 
# 2 1771 1 1933 
# 1 1935 2 1370 
# 1 1936 2 1372 
# 1 1937 2 1373 
# 1 1938 2 1374 
# 2 1376 1 1941 
# 2 1377 1 1942 
# 2 1378 1 1944 
# 2 1379 1 1946 
# 2 1380 1 1948 
# 1 1951 2 1381 
# 1 1952 2 1382 
# 1 1953 2 1383 
# 1 1956 2 1385 
# 1 1961 2 1324 
# 1 1963 2 1325 
# 1 1964 2 1326 
# 2 1327 1 1966 
# 2 1328 1 1967 
# 2 1330 1 1969 
# 2 1331 1 1971 
# 2 1332 1 1972 
# 2 1333 1 1974 
# 2 1334 1 1975 
# 2 1335 1 1978 
# 2 1337 1 1980 
# 2 1338 1 1982 
# 1 1983 2 1339 
# 1 1984 2 1340 
# 1 1985 2 1341 
# 1 1987 2 1342 
# 2 1345 1 1990 
# 2 1978 1 1993 
# 2 1979 1 1994 
# 2 1980 1 1995 
# 2 1981 1 1996 
# 2 1982 1 1997 
# 2 1983 1 1998 
# 2 1984 1 2000 
# 2 1985 1 2002 
# 2 1988 1 2003 
# 2 1989 1 2004 
# 2 1990 1 2005 
# 1 2006 2 1992 
# 1 2007 2 1993 
# 2 1994 1 2010 
# 2 1996 1 2011 
# 1 2012 2 1998 
# 1 2013 2 1999 
# 1 2015 2 2002 
# 1 2016 2 2003 
# 1 2017 2 2005 
# 1 2018 2 2006 
# 2 1264 1 2021 
# 2 1265 1 2022 
# 2 1266 1 2023 
# 2 1267 1 2025 
# 2 1268 1 2026 
# 2 1269 1 2028 
# 2 1270 1 2029 
# 2 1271 1 2030 
# 1 2031 2 1272 
# 1 2032 2 1273 
# 1 2033 2 1274 
# 1 2034 2 1275 
# 1 2035 2 1277 
# 1 2036 2 1279 
# 2 1281 1 2037 
# 2 1282 1 2038 
# 2 1284 1 2041 
# 2 1285 1 2043 
# 2 1286 1 2044 
# 2 1287 1 2045 
# 2 1288 1 2046 
# 1 2047 2 1289 
# 1 2049 2 1290 
# 1 2051 2 1291 
# 1 2052 2 1292 
# 1 2053 2 1293 
# 1 2055 2 1294 
# 1 2056 2 1295 
# 2 1296 1 2057 
# 2 1297 1 2058 
# 2 1298 1 2060 
# 2 1299 1 2062 
# 1 2063 2 1300 
# 1 2064 2 1301 
# 1 2065 2 1302 
# 1 2067 2 1303 
# 1 2068 2 1304 
# 1 2070 2 1308 
# 1 2072 2 1309 
# 1 2073 2 1310 
# 1 2074 2 1311 
# 2 1315 1 2077 
# 2 1316 1 2078 
# 1 2079 2 1318 
# 1 2080 2 1319 
# 1 2081 2 1320 
# 1 2083 2 1322 
# 1 2086 2 1323 
# 2 449 1 2088 
# 2 451 1 2094 
# 1 2098 2 453 
# 2 454 1 2101 
# 2 456 1 2104 
# 2 457 1 2107 
# 2 458 1 2110 
# 1 2113 2 459 
# 1 2114 2 26 
# 1 2115 2 28 
# 2 32 1 2116 
# 2 34 1 2119 
# 2 39 1 2120 
# 2 41 1 2121 
# 2 42 1 2122 
# 1 2123 2 45 
# 1 2124 2 46 
# 2 51 1 2125 
# 1 2127 2 55 
# 1 2128 2 59 
# 1 2129 2 60 
# 1 2130 2 62 
# 2 65 1 2131 
# 2 67 1 2132 
# 2 69 1 2133 
# 2 71 1 2134 
# 1 2135 2 73 
# 1 2136 2 76 
# 1 2139 2 1406 
# 1 2140 2 1407 
# 2 1408 1 2142 
# 2 1409 1 2146 
# 2 1410 1 2147 
# 2 1411 1 2149 
# 2 1412 1 2150 
# 2 1413 1 2152 
# 2 1414 1 2156 
# 2 1416 1 2158 
# 1 2160 2 1417 
# 1 2161 2 1418 
# 1 2163 2 1419 
# 1 2165 2 1420 
# 1 2168 2 1421 
# 1 2169 2 1422 
# 1 2170 2 1423 
# 2 1424 1 2171 
# 2 1425 1 2172 
# 2 1426 1 2173 
# 2 1427 1 2174 
# 1 2175 2 1428 
# 1 2176 2 1429 
# 1 2177 2 1430 
# 1 2178 2 1432 
# 1 2180 2 1150 
# 1 2181 2 1151 
# 2 1152 1 2182 
# 2 1153 1 2183 
# 2 1156 1 2184 
# 2 1157 1 2185 
# 2 1158 1 2186 
# 2 1159 1 2187 
# 2 1160 1 2188 
# 2 1163 1 2189 
# 2 1164 1 2190 
# 1 2191 2 1165 
# 1 2192 2 1166 
# 1 2194 2 1167 
# 2 1168 1 2195 
# 2 1170 1 2196 
# 2 1172 1 2197 
# 2 1173 1 2198 
# 2 2471 1 2199 
# 2 2472 1 2200 
# 2 2473 1 2201 
# 2 2474 1 2203 
# 2 2475 1 2204 
# 1 2207 2 2476 
# 1 2210 2 2478 
# 1 2212 2 2479 
# 2 2481 1 2214 
# 2 2482 1 2215 
# 2 2485 1 2220 
# 2 2486 1 2221 
# 1 2223 2 2487 
# 1 2225 2 2489 
# 1 2226 2 2490 
# 1 2227 2 2491 
# 1 2229 2 2492 
# 1 2231 2 2493 
# 1 2232 2 2494 
# 1 2236 2 2495 
# 2 2496 1 2242 
# 1 2243 2 1386 
# 1 2244 2 1387 
# 1 2246 2 1388 
# 1 2247 2 1389 
# 1 2248 2 1390 
# 1 2250 2 1391 
# 2 1392 1 2251 
# 2 1393 1 2252 
# 2 1394 1 2254 
# 1 2255 2 1395 
# 1 2256 2 1396 
# 1 2257 2 1397 
# 1 2258 2 1398 
# 1 2259 2 1400 
# 1 2260 2 1401 
# 1 2263 2 1402 
# 1 2264 2 1403 
# 1 2265 2 1404 
# 1 2266 2 1405 
# 2 1089 1 2268 
# 2 1090 1 2270 
# 1 2271 2 1091 
# 1 2273 2 1096 
# 1 2274 2 1097 
# 1 2275 2 1098 
# 1 2276 2 1099 
# 1 2277 2 1100 
# 1 2278 2 1101 
# 1 2279 2 1102 
# 1 2280 2 1103 
# 2 1104 1 2281 
# 2 1105 1 2282 
# 2 1106 1 2283 
# 2 1107 1 2284 
# 2 1108 1 2285 
# 2 1109 1 2286 
# 1 2287 2 1110 
# 1 2289 2 1111 
# 1 2291 2 1112 
# 1 2293 2 1113 
# 1 2294 2 1114 
# 1 2295 2 1115 
# 1 2296 2 1116 
# 1 2297 2 1117 
# 1 2298 2 1118 
# 2 1120 1 2299 
# 2 1121 1 2300 
# 2 1122 1 2301 
# 1 2303 2 547 
# 1 2306 2 548 
# 1 2307 2 549 
# 2 550 1 2310 
# 2 551 1 2312 
# 2 552 1 2314 
# 2 553 1 2316 
# 2 554 1 2318 
# 1 2321 2 555 
# 1 2323 2 556 
# 1 2325 2 557 
# 1 2326 2 559 
# 2 560 1 2329 
# 2 561 1 2333 
# 1 2336 2 562 
# 2 563 1 2338 
# 2 565 1 2347 
# 2 566 1 2349 
# 2 2175 1 2350 
# 2 2176 1 2351 
# 2 2177 1 2352 
# 2 2178 1 2353 
# 1 2354 2 2180 
# 1 2355 2 2182 
# 1 2356 2 2183 
# 1 2357 2 2184 
# 2 2185 1 2360 
# 1 2361 2 2187 
# 1 2362 2 2188 
# 1 2363 2 2189 
# 1 2364 2 2190 
# 2 2191 1 2366 
# 2 2192 1 2368 
# 2 2193 1 2369 
# 2 2194 1 2370 
# 2 2195 1 2372 
# 2 1456 1 2375 
# 2 1458 1 2376 
# 2 1460 1 2377 
# 2 1461 1 2378 
# 2 1462 1 2379 
# 2 1465 1 2381 
# 2 1467 1 2382 
# 1 2383 2 1468 
# 1 2385 2 1469 
# 1 2386 2 1470 
# 1 2387 2 1471 
# 2 1472 1 2388 
# 2 1474 1 2389 
# 2 1476 1 2390 
# 2 1478 1 2391 
# 2 1479 1 2392 
# 2 1530 1 2393 
# 1 2394 2 1533 
# 1 2395 2 1534 
# 1 2397 2 1535 
# 2 1536 1 2398 
# 1 2399 2 1538 
# 1 2401 2 1540 
# 1 2403 2 1541 
# 1 2404 2 1542 
# 1 2405 2 1543 
# 1 2406 2 1545 
# 1 2407 2 1546 
# 1 2409 2 1547 
# 2 1548 1 2411 
# 2 1549 1 2412 
# 2 793 1 2413 
# 2 796 1 2414 
# 1 2415 2 801 
# 2 803 1 2418 
# 1 2419 2 806 
# 1 2420 2 808 
# 1 2421 2 811 
# 1 2422 2 814 
# 2 819 1 2423 
# 2 821 1 2425 
# 2 822 1 2427 
# 2 825 1 2428 
# 1 2433 2 2684 
# 1 2436 2 2685 
# 1 2437 2 2686 
# 1 2442 2 2687 
# 2 2689 1 2446 
# 1 2449 2 2691 
# 2 2692 1 2452 
# 2 2694 1 2456 
# 2 2695 1 2457 
# 2 2697 1 2462 
# 1 2465 2 2699 
# 1 2468 2 2701 
# 1 2473 2 2703 
# 2 2704 1 2477 
# 2 2706 1 2482 
# 2 2707 1 2484 
# 2 2708 1 2485 
# 2 2709 1 2486 
# 2 2711 1 2487 
# 2 2712 1 2489 
# 2 2713 1 2490 
# 2 2717 1 2492 
# 2 2718 1 2494 
# 1 2497 2 2719 
# 2 2720 1 2498 
# 2 2721 1 2501 
# 2 2722 1 2502 
# 2 2723 1 2503 
# 2 2724 1 2505 
# 2 2725 1 2506 
# 2 2726 1 2507 
# 2 2727 1 2508 
# 2 2728 1 2509 
# 1 2511 2 2729 
# 1 2512 2 2730 
# 1 2513 2 2731 
# 2 101 1 2516 
# 2 102 1 2517 
# 2 103 1 2518 
# 1 2520 2 106 
# 1 2522 2 108 
# 1 2523 2 110 
# 2 113 1 2525 
# 1 2528 2 114 
# 1 2529 2 115 
# 1 2530 2 116 
# 1 2531 2 117 
# 1 2532 2 118 
# 1 2533 2 119 
# 1 2534 2 120 
# 1 2535 2 121 
# 1 2536 2 122 
# 2 1586 1 2537 
# 2 1587 1 2538 
# 2 1588 1 2539 
# 2 1590 1 2540 
# 2 1592 1 2541 
# 2 1593 1 2542 
# 1 2543 2 1594 
# 1 2544 2 1595 
# 1 2547 2 1597 
# 1 2549 2 1598 
# 1 2550 2 1599 
# 2 1600 1 2551 
# 2 1601 1 2553 
# 2 1602 1 2555 
# 2 1604 1 2556 
# 2 1605 1 2558 
# 1 2559 2 187 
# 1 2560 2 189 
# 1 2562 2 190 
# 1 2563 2 191 
# 2 193 1 2564 
# 2 195 1 2565 
# 2 197 1 2566 
# 2 200 1 2568 
# 2 202 1 2569 
# 2 203 1 2570 
# 2 204 1 2571 
# 1 2572 2 206 
# 1 2573 2 207 
# 1 2575 2 827 
# 1 2576 2 828 
# 1 2577 2 829 
# 1 2579 2 830 
# 1 2582 2 831 
# 2 832 1 2583 
# 2 833 1 2584 
# 2 834 1 2585 
# 2 836 1 2586 
# 2 837 1 2587 
# 2 838 1 2588 
# 2 839 1 2589 
# 2 840 1 2590 
# 1 2591 2 841 
# 1 2596 2 842 
# 1 2597 2 843 
# 1 2598 2 844 
# 1 2599 2 846 
# 1 2601 2 847 
# 2 848 1 2602 
# 2 849 1 2604 
# 1 2608 2 850 
# 2 851 1 2610 
# 2 852 1 2611 
# 2 853 1 2612 
# 2 854 1 2614 
# 2 855 1 2616 
# 2 857 1 2619 
# 1 2626 2 861 
# 1 2630 2 863 
# 2 866 1 2635 
# 2 867 1 2636 
# 1 2641 2 868 
# 1 2643 2 869 
# 1 2645 2 871 
# 2 872 1 2648 
# 2 873 1 2650 
# 2 874 1 2652 
# 2 875 1 2653 
# 1 2655 2 877 
# 1 2657 2 878 
# 2 880 1 2661 
# 2 882 1 2662 
# 2 883 1 2665 
# 2 2587 1 2668 
# 2 2588 1 2669 
# 2 2590 1 2670 
# 1 2671 2 2591 
# 2 2593 1 2673 
# 2 2594 1 2674 
# 2 2595 1 2676 
# 2 2596 1 2677 
# 2 2597 1 2678 
# 2 2598 1 2679 
# 2 2599 1 2680 
# 2 2600 1 2681 
# 2 2602 1 2683 
# 2 2604 1 2685 
# 2 2605 1 2686 
# 1 2687 2 2606 
# 1 2688 2 2607 
# 2 2608 1 2689 
# 1 2691 2 1670 
# 1 2692 2 1671 
# 1 2693 2 1673 
# 1 2694 2 1674 
# 1 2696 2 1675 
# 1 2697 2 1676 
# 1 2698 2 1677 
# 1 2699 2 1678 
# 1 2701 2 1679 
# 2 1680 1 2702 
# 1 2703 2 1681 
# 1 2704 2 1683 
# 1 2706 2 1684 
# 1 2707 2 1685 
# 1 2708 2 1686 
# 2 1687 1 2710 
# 1 2711 2 1689 
# 2 1690 1 2713 
# 2 1691 1 2714 
# 2 1692 1 2715 
# 2 1693 1 2716 
# 2 1694 1 2717 
# 2 1696 1 2720 
# 2 1697 1 2722 
# 2 1698 1 2723 
# 2 1700 1 2725 
# 2 1701 1 2726 
# 2 1702 1 2727 
# 1 2729 2 2430 
# 1 2730 2 2431 
# 2 2432 1 2731 
# 2 2434 1 2733 
# 2 2435 1 2734 
# 1 2737 2 2437 
# 1 2739 2 2438 
# 1 2740 2 2439 
# 2 2440 1 2744 
# 2 2443 1 2750 
# 1 2751 2 2444 
# 1 2753 2 2445 
# 1 2755 2 2446 
# 1 2759 2 2447 
# 2 2448 1 2760 
# 2 2449 1 2763 
# 2 2450 1 2764 
# 1 2768 2 2566 
# 1 2772 2 2567 
# 1 2773 2 2568 
# 2 2569 1 2776 
# 2 2571 1 2779 
# 1 2786 2 2573 
# 1 2789 2 2574 
# 1 2793 2 2575 
# 2 2576 1 2798 
# 1 2799 2 2577 
# 2 2578 1 2803 
# 2 2581 1 2808 
# 2 2583 1 2812 
# 1 2815 2 2584 
# 1 2818 2 2585 
# 1 2821 2 2586 
# 2 2230 1 2824 
# 2 2231 1 2826 
# 2 2232 1 2827 
# 2 2233 1 2828 
# 2 2234 1 2829 
# 2 2235 1 2830 
# 1 2831 2 2236 
# 1 2833 2 2238 
# 1 2834 2 2239 
# 2 2240 1 2836 
# 2 2241 1 2837 
# 2 2242 1 2839 
# 2 2243 1 2841 
# 2 2245 1 2842 
# 2 2246 1 2843 
# 2 2248 1 2844 
# 2 2250 1 2845 
# 1 2848 2 2251 
# 1 2849 2 2252 
# 1 2850 2 2253 
# 1 2851 2 2254 
# 1 2853 2 2255 
# 2 2258 1 2857 
# 2 2259 1 2858 
# 2 2261 1 2859 
# 2 2262 1 2861 
# 2 2263 1 2862 
# 1 2863 2 2264 
# 1 2864 2 2265 
# 1 2865 2 2266 
# 1 2866 2 2267 
# 1 2869 2 2268 
# 1 2871 2 2269 
# 1 2872 2 2271 
# 2 2273 1 2877 
# 2 2274 1 2878 
# 2 2275 1 2882 
# 2 2276 1 2884 
# 1 2885 2 503 
# 2 505 1 2890 
# 2 506 1 2891 
# 2 507 1 2893 
# 1 2901 2 508 
# 1 2904 2 510 
# 2 512 1 2906 
# 2 513 1 2908 
# 2 514 1 2909 
# 1 2912 2 515 
# 1 2913 2 516 
# 2 517 1 2917 
# 2 518 1 2918 
# 2 519 1 2922 
# 2 520 1 2925 
# 2 521 1 2926 
# 1 2929 2 1550 
# 1 2930 2 1551 
# 2 1554 1 2932 
# 2 1555 1 2933 
# 2 1556 1 2934 
# 2 1558 1 2937 
# 2 1560 1 2939 
# 2 1561 1 2940 
# 2 1562 1 2941 
# 2 1564 1 2942 
# 1 2943 2 1566 
# 1 2945 2 1567 
# 2 1568 1 2946 
# 2 1569 1 2947 
# 2 1570 1 2949 
# 2 1574 1 2950 
# 2 1576 1 2952 
# 2 1577 1 2954 
# 2 1578 1 2955 
# 2 1579 1 2956 
# 2 1581 1 2957 
# 2 1582 1 2958 
# 1 2960 2 1583 
# 2 1584 1 2961 
# 1 2962 2 2884 
# 2 2885 1 2964 
# 2 2886 1 2966 
# 2 2887 1 2968 
# 2 2888 1 2969 
# 2 2889 1 2972 
# 1 2975 2 2891 
# 1 2976 2 2892 
# 1 2977 2 2893 
# 1 2978 2 2895 
# 2 2896 1 2980 
# 2 2897 1 2981 
# 2 2898 1 2982 
# 2 2899 1 2983 
# 2 2902 1 2985 
# 2 2903 1 2988 
# 2 2904 1 2989 
# 2 2905 1 2990 
# 1 2991 2 2906 
