> 1 synthdata_0
> 2 synthdata_1
# 1 0 2 635 
# 1 1 2 637 
# 2 639 1 2 
# 2 641 1 3 
# 2 643 1 4 
# 2 645 1 5 
# 2 647 1 6 
# 1 7 2 649 
# 1 8 2 651 
# 1 9 2 653 
# 2 655 1 10 
# 2 657 1 11 
# 2 660 1 12 
# 2 662 1 13 
# 1 14 2 998 
# 1 15 2 999 
# 1 16 2 1000 
# 1 17 2 1001 
# 1 18 2 1002 
# 1 19 2 1003 
# 1 20 2 1004 
# 1 21 2 1005 
# 1 22 2 1006 
# 2 1007 1 23 
# 2 1008 1 24 
# 2 1009 1 25 
# 2 1010 1 26 
# 2 1011 1 27 
# 2 1012 1 28 
# 2 1013 1 29 
# 1 30 2 1014 
# 1 31 2 1015 
# 1 32 2 1016 
# 1 33 2 1017 
# 1 34 2 1018 
# 1 35 2 1019 
# 1 36 2 1020 
# 1 37 2 1021 
# 1 38 2 1022 
# 2 1023 1 39 
# 2 1024 1 40 
# 2 1025 1 41 
# 2 1026 1 42 
# 2 1027 1 43 
# 2 1028 1 44 
# 2 1029 1 45 
# 1 46 2 1030 
# 1 47 2 1031 
# 1 48 2 1032 
# 1 49 2 1033 
# 1 50 2 1034 
# 1 51 2 1035 
# 1 52 2 1036 
# 1 53 2 1037 
# 1 56 2 1038 
# 2 1039 1 57 
# 2 1040 1 58 
# 2 464 1 61 
# 1 63 2 465 
# 1 64 2 467 
# 1 65 2 469 
# 1 66 2 470 
# 1 67 2 471 
# 1 68 2 472 
# 1 69 2 473 
# 1 70 2 475 
# 1 71 2 476 
# 1 73 2 477 
# 1 74 2 478 
# 2 479 1 75 
# 2 480 1 76 
# 2 481 1 77 
# 1 78 2 482 
# 1 79 2 483 
# 1 80 2 484 
# 1 81 2 485 
# 1 82 2 486 
# 1 83 2 487 
# 1 84 2 488 
# 2 687 1 85 
# 2 688 1 86 
# 2 689 1 87 
# 2 690 1 88 
# 2 691 1 89 
# 2 692 1 90 
# 2 693 1 91 
# 2 694 1 92 
# 2 695 1 93 
# 1 94 2 696 
# 1 95 2 697 
# 1 96 2 698 
# 1 97 2 699 
# 1 98 2 700 
# 1 100 2 408 
# 1 101 2 409 
# 1 102 2 410 
# 1 103 2 411 
# 1 104 2 412 
# 1 105 2 413 
# 1 106 2 414 
# 2 415 1 107 
# 2 416 1 108 
# 2 417 1 109 
# 1 110 2 418 
# 1 111 2 419 
# 1 112 2 420 
# 1 113 2 421 
# 1 114 2 423 
# 1 115 2 424 
# 1 116 2 425 
# 1 117 2 426 
# 1 118 2 427 
# 1 119 2 428 
# 1 120 2 429 
# 1 121 2 430 
# 2 431 1 122 
# 2 432 1 123 
# 2 433 1 124 
# 2 434 1 125 
# 1 126 2 435 
# 1 127 2 436 
# 1 128 2 437 
# 1 129 2 438 
# 1 130 2 439 
# 1 131 2 440 
# 1 132 2 441 
# 1 133 2 442 
# 1 134 2 443 
# 1 135 2 444 
# 1 136 2 445 
# 1 137 2 446 
# 2 447 1 138 
# 2 448 1 139 
# 2 449 1 140 
# 2 291 1 141 
# 1 143 2 292 
# 1 145 2 293 
# 1 147 2 294 
# 1 149 2 295 
# 2 296 1 151 
# 2 297 1 153 
# 2 298 1 155 
# 2 299 1 157 
# 1 159 2 300 
# 1 163 2 301 
# 1 165 2 302 
# 2 303 1 167 
# 2 97 1 169 
# 2 98 1 170 
# 2 99 1 171 
# 2 100 1 172 
# 2 101 1 173 
# 1 174 2 102 
# 1 175 2 103 
# 1 176 2 104 
# 1 177 2 105 
# 1 178 2 106 
# 1 179 2 107 
# 1 180 2 108 
# 1 181 2 109 
# 1 182 2 110 
# 2 111 1 183 
# 2 112 1 184 
# 2 113 1 185 
# 2 114 1 186 
# 2 115 1 187 
# 2 116 1 188 
# 2 117 1 189 
# 1 190 2 118 
# 1 191 2 119 
# 1 192 2 120 
# 1 193 2 121 
# 1 194 2 122 
# 1 195 2 123 
# 1 196 2 124 
# 2 304 1 197 
# 2 305 1 198 
# 2 306 1 199 
# 2 307 1 200 
# 2 308 1 201 
# 2 309 1 203 
# 2 310 1 204 
# 2 311 1 205 
# 1 207 2 312 
# 1 208 2 313 
# 1 209 2 314 
# 1 211 2 315 
# 1 213 2 316 
# 1 214 2 317 
# 1 215 2 318 
# 2 319 1 216 
# 2 320 1 217 
# 2 321 1 218 
# 2 322 1 219 
# 2 323 1 220 
# 1 222 2 324 
# 1 223 2 325 
# 1 224 2 326 
# 1 226 2 327 
# 1 227 2 328 
# 1 228 2 329 
# 1 230 2 330 
# 1 231 2 331 
# 1 232 2 332 
# 1 234 2 333 
# 1 235 2 334 
# 2 335 1 236 
# 2 336 1 237 
# 1 239 2 337 
# 1 240 2 338 
# 2 339 1 242 
# 2 340 1 244 
# 2 341 1 245 
# 2 342 1 247 
# 2 343 1 249 
# 2 344 1 250 
# 2 345 1 252 
# 1 255 2 45 
# 2 47 1 256 
# 2 48 1 257 
# 2 50 1 258 
# 2 52 1 259 
# 2 53 1 260 
# 2 54 1 261 
# 2 55 1 262 
# 1 263 2 57 
# 1 264 2 59 
# 1 265 2 61 
# 2 63 1 266 
# 2 65 1 267 
# 2 67 1 268 
# 2 272 1 269 
# 1 271 2 273 
# 2 274 1 273 
# 2 275 1 275 
# 2 276 1 276 
# 2 277 1 277 
# 2 278 1 279 
# 2 279 1 281 
# 2 280 1 283 
# 2 281 1 285 
# 1 287 2 282 
# 1 289 2 283 
# 1 290 2 284 
# 1 291 2 285 
# 1 292 2 286 
# 2 287 1 293 
# 2 288 1 294 
# 2 289 1 295 
# 2 290 1 296 
# 2 503 1 297 
# 2 505 1 298 
# 2 507 1 299 
# 2 509 1 300 
# 2 511 1 301 
# 1 302 2 513 
# 1 303 2 515 
# 1 304 2 517 
# 1 305 2 519 
# 1 306 2 521 
# 1 307 2 523 
# 1 308 2 525 
# 2 528 1 309 
# 2 531 1 310 
# 1 311 2 346 
# 1 312 2 347 
# 1 313 2 348 
# 1 314 2 349 
# 1 315 2 350 
# 2 351 1 316 
# 2 352 1 317 
# 1 318 2 353 
# 1 319 2 354 
# 1 320 2 355 
# 1 321 2 356 
# 1 322 2 357 
# 1 323 2 358 
# 1 324 2 359 
# 1 325 2 939 
# 1 326 2 940 
# 1 327 2 941 
# 1 328 2 942 
# 2 943 1 329 
# 2 944 1 330 
# 2 945 1 331 
# 2 946 1 332 
# 2 947 1 333 
# 1 334 2 948 
# 1 335 2 949 
# 1 336 2 950 
# 1 337 2 951 
# 1 338 2 952 
# 1 339 2 953 
# 1 340 2 954 
# 1 341 2 955 
# 1 342 2 956 
# 1 343 2 957 
# 1 344 2 958 
# 2 959 1 345 
# 2 960 1 346 
# 2 961 1 347 
# 2 963 1 348 
# 2 964 1 349 
# 1 350 2 966 
# 1 351 2 967 
# 1 352 2 969 
# 2 593 1 353 
# 2 594 1 354 
# 2 595 1 355 
# 2 597 1 356 
# 2 598 1 357 
# 2 599 1 358 
# 2 600 1 359 
# 2 601 1 360 
# 1 361 2 603 
# 1 362 2 605 
# 1 363 2 606 
# 2 607 1 364 
# 2 609 1 365 
# 1 366 2 611 
# 1 367 2 612 
# 1 368 2 613 
# 1 369 2 614 
# 1 370 2 615 
# 1 371 2 616 
# 1 372 2 701 
# 1 373 2 702 
# 2 703 1 374 
# 2 704 1 375 
# 2 705 1 377 
# 2 706 1 378 
# 2 707 1 379 
# 2 708 1 380 
# 2 709 1 381 
# 1 382 2 710 
# 1 383 2 711 
# 1 384 2 712 
# 1 386 2 713 
# 1 389 2 714 
# 2 984 1 391 
# 2 985 1 392 
# 2 986 1 393 
# 2 987 1 394 
# 2 988 1 395 
# 2 989 1 396 
# 2 990 1 397 
# 2 991 1 398 
# 2 992 1 399 
# 2 993 1 400 
# 2 994 1 401 
# 2 995 1 402 
# 2 996 1 403 
# 2 997 1 404 
# 1 405 2 250 
# 1 406 2 251 
# 1 407 2 252 
# 1 408 2 253 
# 1 409 2 254 
# 2 256 1 410 
# 2 257 1 411 
# 2 258 1 412 
# 2 259 1 413 
# 1 414 2 261 
# 1 415 2 262 
# 1 416 2 264 
# 1 417 2 266 
# 1 418 2 267 
# 1 419 2 268 
# 1 420 2 270 
# 2 271 1 421 
# 1 422 2 235 
# 1 423 2 236 
# 1 424 2 237 
# 1 425 2 238 
# 2 239 1 426 
# 2 240 1 427 
# 2 241 1 428 
# 2 242 1 429 
# 1 430 2 243 
# 1 431 2 244 
# 1 432 2 245 
# 1 433 2 247 
# 1 434 2 248 
# 1 435 2 249 
# 2 180 1 436 
# 2 181 1 437 
# 2 182 1 438 
# 2 183 1 439 
# 2 184 1 440 
# 2 185 1 441 
# 2 186 1 442 
# 2 187 1 443 
# 2 188 1 444 
# 2 189 1 445 
# 1 446 2 190 
# 2 191 1 447 
# 2 192 1 448 
# 2 193 1 449 
# 2 194 1 450 
# 2 195 1 451 
# 2 196 1 452 
# 2 197 1 453 
# 2 198 1 454 
# 2 199 1 455 
# 2 200 1 456 
# 2 201 1 457 
# 2 202 1 458 
# 2 203 1 459 
# 2 204 1 460 
# 2 205 1 461 
# 1 462 2 206 
# 2 207 1 463 
# 1 466 2 125 
# 1 469 2 126 
# 2 127 1 471 
# 2 783 1 500 
# 2 785 1 501 
# 2 788 1 502 
# 2 791 1 503 
# 1 504 2 794 
# 1 505 2 796 
# 1 506 2 798 
# 2 801 1 507 
# 2 804 1 508 
# 2 807 1 509 
# 1 510 2 808 
# 1 511 2 810 
# 1 512 2 813 
# 1 513 2 814 
# 2 816 1 514 
# 2 817 1 515 
# 2 819 1 516 
# 2 821 1 517 
# 2 450 1 518 
# 2 451 1 520 
# 2 452 1 522 
# 2 453 1 524 
# 1 526 2 454 
# 1 528 2 455 
# 1 530 2 456 
# 1 532 2 457 
# 1 534 2 458 
# 1 536 2 459 
# 1 538 2 460 
# 2 461 1 540 
# 1 542 2 462 
# 2 463 1 544 
# 1 546 2 361 
# 1 547 2 362 
# 1 548 2 363 
# 1 549 2 364 
# 1 550 2 365 
# 1 551 2 366 
# 2 367 1 552 
# 2 368 1 553 
# 2 369 1 554 
# 2 370 1 555 
# 2 371 1 556 
# 2 372 1 557 
# 1 558 2 374 
# 1 559 2 375 
# 1 560 2 489 
# 1 562 2 490 
# 1 563 2 491 
# 1 565 2 492 
# 1 567 2 493 
# 1 568 2 494 
# 2 495 1 570 
# 2 496 1 572 
# 2 497 1 573 
# 1 575 2 498 
# 1 576 2 499 
# 1 578 2 500 
# 2 501 1 580 
# 2 502 1 583 
# 2 617 1 585 
# 2 618 1 586 
# 2 619 1 587 
# 2 620 1 589 
# 1 592 2 621 
# 1 594 2 622 
# 2 623 1 596 
# 2 624 1 598 
# 2 625 1 600 
# 2 626 1 602 
# 2 627 1 603 
# 1 606 2 628 
# 1 608 2 629 
# 1 609 2 630 
# 1 611 2 631 
# 1 612 2 632 
# 1 613 2 633 
# 1 614 2 634 
# 2 664 1 616 
# 2 665 1 618 
# 2 666 1 619 
# 2 667 1 620 
# 1 622 2 668 
# 1 623 2 669 
# 1 624 2 670 
# 2 671 1 626 
# 2 672 1 628 
# 2 673 1 631 
# 2 674 1 632 
# 2 675 1 633 
# 2 676 1 634 
# 2 677 1 635 
# 2 678 1 637 
# 1 638 2 679 
# 1 639 2 680 
# 1 640 2 681 
# 1 642 2 682 
# 1 643 2 683 
# 1 645 2 684 
# 1 646 2 685 
# 1 648 2 686 
# 2 851 1 649 
# 2 856 1 650 
# 1 651 2 862 
# 2 868 1 652 
# 2 875 1 653 
# 1 654 2 880 
# 1 655 2 886 
# 1 656 2 891 
# 2 896 1 657 
# 1 658 2 903 
# 1 659 2 909 
# 2 916 1 660 
# 1 661 2 923 
# 2 931 1 662 
# 2 1041 1 663 
# 2 1043 1 664 
# 2 1045 1 665 
# 2 1048 1 666 
# 2 1050 1 667 
# 2 1052 1 668 
# 2 1054 1 669 
# 1 670 2 1056 
# 1 671 2 1058 
# 1 672 2 1061 
# 1 673 2 1064 
# 1 674 2 1066 
# 1 675 2 1069 
# 2 1072 1 676 
# 1 677 2 715 
# 1 678 2 716 
# 1 679 2 717 
# 1 680 2 718 
# 2 720 1 681 
# 2 721 1 682 
# 2 722 1 683 
# 2 724 1 684 
# 2 725 1 685 
# 1 686 2 726 
# 1 687 2 727 
# 1 688 2 729 
# 1 689 2 731 
# 1 690 2 733 
# 1 691 2 533 
# 1 692 2 536 
# 1 693 2 539 
# 1 694 2 542 
# 2 543 1 695 
# 2 544 1 696 
# 2 547 1 697 
# 2 550 1 698 
# 2 553 1 699 
# 2 556 1 700 
# 2 559 1 701 
# 1 702 2 562 
# 1 703 2 565 
# 1 704 2 568 
# 1 705 2 571 
# 1 706 2 377 
# 1 709 2 378 
# 1 710 2 379 
# 1 711 2 380 
# 1 712 2 381 
# 1 714 2 382 
# 2 383 1 715 
# 2 384 1 716 
# 2 385 1 717 
# 1 718 2 386 
# 1 721 2 387 
# 2 388 1 723 
# 2 389 1 724 
# 2 390 1 725 
# 2 391 1 726 
# 2 392 1 727 
# 2 393 1 728 
# 2 394 1 730 
# 2 395 1 732 
# 2 396 1 733 
# 1 736 2 397 
# 1 737 2 398 
# 2 399 1 740 
# 2 400 1 741 
# 2 401 1 743 
# 2 402 1 744 
# 2 403 1 745 
# 2 404 1 746 
# 2 405 1 747 
# 2 406 1 748 
# 2 407 1 749 
# 2 735 1 750 
# 2 736 1 751 
# 2 737 1 752 
# 2 738 1 753 
# 2 739 1 754 
# 2 740 1 755 
# 2 741 1 756 
# 2 742 1 757 
# 2 743 1 758 
# 2 744 1 759 
# 2 745 1 760 
# 2 746 1 761 
# 2 747 1 762 
# 2 748 1 763 
# 2 749 1 764 
# 2 750 1 765 
# 2 751 1 766 
# 2 752 1 767 
# 2 753 1 768 
# 2 754 1 769 
# 2 755 1 770 
# 2 756 1 771 
# 2 757 1 772 
# 2 758 1 773 
# 2 759 1 775 
# 2 760 1 776 
# 2 761 1 777 
# 2 762 1 778 
# 2 763 1 779 
# 2 764 1 780 
# 2 765 1 781 
# 1 782 2 766 
# 2 767 1 783 
# 2 768 1 784 
# 2 769 1 785 
# 2 771 1 786 
# 1 787 2 774 
# 1 788 2 775 
# 1 789 2 777 
# 1 790 2 778 
# 1 791 2 779 
# 1 792 2 780 
# 1 793 2 781 
# 2 208 1 794 
# 2 210 1 795 
# 2 212 1 796 
# 2 213 1 797 
# 1 798 2 214 
# 1 799 2 215 
# 1 800 2 216 
# 1 801 2 217 
# 1 802 2 218 
# 1 803 2 220 
# 1 804 2 222 
# 2 223 1 805 
# 2 224 1 806 
# 2 225 1 807 
# 2 227 1 808 
# 2 229 1 809 
# 2 230 1 810 
# 2 231 1 811 
# 2 232 1 812 
# 2 233 1 813 
# 1 814 2 234 
# 1 815 2 18 
# 1 816 2 19 
# 1 817 2 20 
# 1 818 2 21 
# 1 819 2 22 
# 1 820 2 24 
# 1 821 2 25 
# 1 822 2 26 
# 1 823 2 28 
# 1 824 2 30 
# 2 31 1 826 
# 2 32 1 827 
# 2 33 1 828 
# 2 34 1 829 
# 1 830 2 35 
# 1 831 2 37 
# 1 832 2 38 
# 1 833 2 39 
# 1 834 2 40 
# 1 835 2 41 
# 1 836 2 42 
# 1 837 2 43 
# 1 838 2 44 
# 2 822 1 839 
# 2 824 1 840 
# 2 826 1 841 
# 1 842 2 828 
# 1 843 2 830 
# 2 832 1 844 
# 2 834 1 845 
# 1 846 2 836 
# 1 847 2 838 
# 1 848 2 840 
# 1 849 2 842 
# 1 850 2 844 
# 2 847 1 851 
# 2 849 1 852 
# 1 853 2 574 
# 2 575 1 854 
# 2 583 1 855 
# 1 856 2 589 
# 2 69 1 857 
# 2 70 1 858 
# 2 71 1 859 
# 2 72 1 860 
# 2 73 1 861 
# 1 862 2 74 
# 1 863 2 75 
# 1 864 2 76 
# 1 865 2 77 
# 1 866 2 78 
# 2 79 1 867 
# 2 80 1 868 
# 2 81 1 869 
# 2 82 1 870 
# 2 83 1 871 
# 2 84 1 872 
# 2 85 1 873 
# 2 86 1 874 
# 2 87 1 875 
# 2 88 1 876 
# 2 89 1 877 
# 1 878 2 90 
# 1 879 2 91 
# 1 880 2 92 
# 1 881 2 93 
# 1 882 2 94 
# 2 95 1 883 
# 2 96 1 884 
# 1 885 2 970 
# 1 887 2 971 
# 1 889 2 972 
# 1 891 2 973 
# 2 974 1 893 
# 2 975 1 895 
# 2 976 1 897 
# 2 977 1 899 
# 2 978 1 901 
# 2 979 1 903 
# 2 980 1 905 
# 2 981 1 907 
# 2 982 1 909 
# 1 911 2 983 
# 2 0 1 913 
# 2 1 1 915 
# 2 2 1 917 
# 2 3 1 919 
# 2 4 1 922 
# 2 5 1 924 
# 1 926 2 6 
# 1 928 2 7 
# 1 930 2 8 
# 1 932 2 9 
# 1 935 2 10 
# 1 937 2 11 
# 1 938 2 12 
# 1 939 2 13 
# 1 940 2 14 
# 2 15 1 941 
# 1 942 2 16 
# 2 17 1 945 
# 2 128 1 946 
# 2 130 1 947 
# 2 131 1 948 
# 2 133 1 949 
# 2 134 1 950 
# 1 951 2 137 
# 1 952 2 139 
# 1 953 2 140 
# 1 954 2 142 
# 2 143 1 955 
# 2 147 1 956 
# 2 151 1 957 
# 1 958 2 154 
# 1 959 2 157 
# 2 160 1 960 
# 1 961 2 164 
# 1 962 2 169 
# 1 963 2 170 
# 1 964 2 174 
# 2 175 1 965 
# 2 179 1 966 
