> 1 synthdata_0
> 2 synthdata_1
# 2 1 1 1 
# 2 2 1 4 
# 2 4 1 7 
# 2 5 1 8 
# 2 6 1 9 
# 2 7 1 10 
# 2 10 1 11 
# 2 11 1 12 
# 1 16 2 13 
# 1 17 2 14 
# 1 18 2 15 
# 2 18 1 20 
# 2 19 1 22 
# 2 21 1 26 
# 2 22 1 27 
# 2 23 1 28 
# 2 24 1 29 
# 2 27 1 30 
# 1 31 2 33 
# 1 32 2 35 
# 1 33 2 36 
# 1 34 2 38 
# 1 35 2 39 
# 1 37 2 40 
# 1 38 2 45 
# 1 39 2 47 
# 2 48 1 40 
# 2 50 1 41 
# 2 51 1 42 
# 2 53 1 44 
# 2 54 1 45 
# 2 55 1 46 
# 1 48 2 56 
# 1 49 2 59 
# 1 50 2 60 
# 1 51 2 61 
# 1 53 2 62 
# 1 54 2 63 
# 2 64 1 55 
# 2 65 1 56 
# 2 66 1 57 
# 2 67 1 58 
# 2 69 1 59 
# 2 70 1 61 
# 2 71 1 62 
# 1 63 2 73 
# 1 65 2 74 
# 1 66 2 75 
# 1 67 2 76 
# 1 68 2 77 
# 1 70 2 78 
# 2 80 1 71 
# 2 81 1 73 
# 2 83 1 74 
# 2 84 1 76 
# 2 85 1 77 
# 2 86 1 78 
# 1 80 2 87 
# 1 81 2 88 
# 1 82 2 89 
# 1 83 2 90 
# 1 84 2 91 
# 1 85 2 92 
# 1 86 2 93 
# 1 88 2 95 
# 2 96 1 89 
# 2 97 1 90 
# 2 98 1 91 
# 2 99 1 92 
# 2 101 1 93 
# 1 95 2 102 
# 1 96 2 103 
# 1 97 2 104 
# 1 98 2 106 
# 1 99 2 107 
# 1 102 2 109 
# 1 104 2 111 
# 2 113 1 107 
# 2 114 1 108 
# 2 115 1 110 
# 1 111 2 116 
# 1 112 2 118 
# 1 113 2 119 
# 1 114 2 120 
# 1 115 2 121 
# 1 116 2 122 
# 1 118 2 123 
# 1 122 2 124 
# 2 125 1 124 
# 2 126 1 125 
# 1 127 2 127 
# 2 128 1 128 
# 2 129 1 130 
# 2 130 1 132 
# 2 131 1 135 
# 2 132 1 139 
# 2 133 1 141 
# 1 146 2 134 
# 1 147 2 135 
# 1 149 2 136 
# 1 152 2 139 
# 2 140 1 155 
# 2 141 1 157 
# 1 159 2 142 
# 1 163 2 143 
# 2 144 1 166 
# 2 146 1 169 
# 2 147 1 173 
# 2 148 1 174 
# 1 177 2 149 
# 2 153 1 184 
# 2 156 1 188 
# 2 157 1 190 
# 1 191 2 158 
# 1 192 2 159 
# 2 160 1 193 
# 2 161 1 195 
# 2 162 1 196 
# 2 163 1 199 
# 2 164 1 200 
# 2 165 1 202 
# 2 166 1 204 
# 1 207 2 168 
# 1 209 2 169 
# 1 212 2 170 
# 1 213 2 172 
# 1 216 2 173 
# 1 219 2 175 
# 2 176 1 220 
# 2 177 1 222 
# 2 178 1 227 
# 2 179 1 229 
# 2 180 1 232 
# 2 182 1 236 
# 2 183 1 237 
# 1 239 2 184 
# 1 244 2 185 
# 1 247 2 187 
# 2 189 1 254 
# 1 259 2 190 
# 1 261 2 191 
# 2 192 1 262 
# 2 193 1 263 
# 2 194 1 267 
# 2 195 1 268 
# 2 196 1 269 
# 1 272 2 197 
# 1 273 2 198 
# 1 275 2 201 
# 1 276 2 203 
# 1 277 2 205 
# 1 278 2 207 
# 2 209 1 279 
# 2 210 1 280 
# 2 213 1 281 
# 2 219 1 286 
# 1 288 2 221 
# 1 289 2 223 
# 2 224 1 290 
# 2 226 1 291 
# 2 228 1 292 
# 2 229 1 293 
# 2 231 1 294 
# 1 295 2 234 
# 1 296 2 235 
# 1 297 2 237 
# 1 298 2 239 
# 2 242 1 299 
# 2 244 1 300 
# 2 247 1 301 
# 1 303 2 249 
# 1 304 2 250 
# 1 305 2 251 
# 1 306 2 253 
# 1 307 2 254 
# 1 308 2 255 
# 2 256 1 311 
# 2 257 1 312 
# 2 258 1 313 
# 2 259 1 314 
# 2 260 1 316 
# 2 261 1 317 
# 1 319 2 262 
# 1 321 2 263 
# 1 322 2 264 
# 1 323 2 266 
# 1 324 2 267 
# 1 326 2 268 
# 1 327 2 269 
# 1 328 2 271 
# 2 273 1 329 
# 2 274 1 330 
# 2 275 1 331 
# 2 276 1 332 
# 2 277 1 333 
# 2 278 1 334 
# 1 335 2 280 
# 1 336 2 281 
# 1 337 2 282 
# 1 340 2 284 
# 1 341 2 285 
# 1 342 2 286 
# 1 345 2 287 
# 2 288 1 346 
# 2 290 1 348 
# 2 291 1 349 
# 2 293 1 350 
# 1 351 2 294 
# 1 352 2 296 
# 1 353 2 297 
# 1 354 2 298 
# 1 356 2 300 
# 1 357 2 302 
# 2 304 1 359 
# 2 306 1 360 
# 2 307 1 361 
# 2 308 1 362 
# 2 309 1 363 
# 2 310 1 364 
# 2 311 1 365 
# 1 367 2 314 
# 1 368 2 317 
# 1 369 2 318 
# 2 321 1 370 
# 2 323 1 371 
# 2 324 1 372 
# 2 325 1 373 
# 2 326 1 374 
# 2 327 1 375 
# 2 328 1 376 
# 2 329 1 377 
# 2 331 1 379 
# 2 332 1 380 
# 2 333 1 381 
# 2 335 1 382 
# 2 336 1 383 
# 2 337 1 384 
# 2 338 1 385 
# 2 339 1 386 
# 1 387 2 343 
# 1 388 2 344 
# 1 389 2 345 
# 1 390 2 346 
# 1 391 2 347 
# 2 349 1 396 
# 2 351 1 398 
# 2 353 1 402 
# 2 354 1 404 
# 2 356 1 406 
# 2 357 1 412 
# 2 358 1 413 
# 1 415 2 359 
# 1 418 2 360 
# 1 419 2 361 
# 1 421 2 362 
# 2 363 1 426 
# 2 366 1 430 
# 2 368 1 434 
# 2 369 1 439 
# 2 370 1 442 
# 2 371 1 443 
# 1 448 2 372 
# 1 450 2 373 
# 1 451 2 374 
# 2 375 1 455 
# 2 376 1 458 
# 2 377 1 459 
# 1 465 2 379 
# 1 466 2 380 
# 1 470 2 381 
# 1 473 2 382 
# 2 384 1 475 
# 2 385 1 480 
# 2 386 1 482 
# 2 388 1 483 
# 2 390 1 485 
# 2 391 1 487 
# 2 392 1 488 
# 2 394 1 489 
# 2 395 1 490 
# 1 492 2 398 
# 1 493 2 399 
# 2 400 1 494 
# 1 495 2 401 
# 1 496 2 402 
# 1 497 2 403 
# 1 498 2 404 
# 1 499 2 405 
# 1 500 2 406 
# 1 501 2 407 
# 2 408 1 503 
# 2 409 1 504 
# 1 505 2 411 
# 1 506 2 412 
# 2 413 1 508 
# 1 511 2 415 
# 2 417 1 513 
# 2 418 1 515 
# 2 419 1 516 
# 2 421 1 518 
# 2 422 1 520 
# 2 423 1 521 
# 2 424 1 523 
# 2 425 1 524 
# 2 426 1 525 
# 1 527 2 427 
# 1 528 2 428 
# 1 529 2 429 
# 1 530 2 430 
# 1 532 2 431 
# 2 432 1 533 
# 2 433 1 535 
# 2 434 1 537 
# 2 435 1 538 
# 2 436 1 539 
# 2 437 1 541 
# 2 439 1 542 
# 1 543 2 440 
# 1 545 2 443 
# 1 548 2 445 
# 1 550 2 446 
# 2 449 1 552 
# 2 450 1 553 
# 2 451 1 555 
# 2 452 1 558 
# 1 559 2 453 
# 1 560 2 454 
# 1 561 2 455 
# 1 562 2 456 
# 1 563 2 457 
# 1 564 2 458 
# 1 566 2 459 
# 1 567 2 460 
# 1 568 2 462 
# 1 569 2 463 
# 2 465 1 572 
# 2 466 1 573 
# 2 467 1 574 
# 1 575 2 468 
# 1 577 2 470 
# 1 578 2 471 
# 1 579 2 475 
# 1 581 2 476 
# 1 584 2 477 
# 1 585 2 478 
# 2 480 1 587 
# 2 481 1 588 
# 2 483 1 589 
# 2 484 1 590 
# 1 592 2 485 
# 1 595 2 486 
# 1 596 2 487 
# 1 597 2 489 
# 1 599 2 491 
# 1 600 2 493 
# 1 601 2 494 
# 1 602 2 495 
# 2 496 1 604 
# 2 497 1 605 
# 1 608 2 498 
# 1 609 2 499 
# 1 610 2 500 
# 1 612 2 505 
# 1 614 2 507 
# 1 615 2 508 
# 1 617 2 509 
# 1 618 2 510 
# 1 620 2 511 
# 2 513 1 621 
# 2 514 1 622 
# 1 624 2 517 
# 1 625 2 518 
# 1 626 2 519 
# 1 630 2 521 
# 1 631 2 522 
# 2 524 1 635 
# 2 526 1 637 
# 2 527 1 638 
# 2 528 1 639 
# 1 640 2 531 
# 1 641 2 532 
# 1 643 2 534 
# 1 644 2 535 
# 1 645 2 538 
# 1 646 2 539 
# 1 647 2 541 
# 1 648 2 543 
# 2 544 1 649 
# 2 545 1 650 
# 2 547 1 652 
# 2 548 1 653 
# 2 550 1 654 
# 1 657 2 552 
# 1 659 2 554 
# 1 660 2 558 
# 1 661 2 559 
# 2 560 1 662 
# 2 562 1 663 
# 2 563 1 664 
# 2 566 1 667 
# 2 568 1 668 
# 2 570 1 670 
# 1 671 2 571 
# 1 672 2 572 
# 1 673 2 573 
# 1 675 2 575 
# 2 576 1 676 
# 2 578 1 677 
# 2 581 1 679 
# 2 582 1 680 
# 2 583 1 681 
# 2 584 1 682 
# 2 585 1 685 
# 2 586 1 686 
# 1 687 2 588 
# 1 688 2 589 
# 1 689 2 591 
# 2 592 1 690 
# 2 594 1 691 
# 2 595 1 693 
# 2 596 1 694 
# 2 598 1 695 
# 2 599 1 696 
# 2 601 1 697 
# 2 602 1 698 
# 2 604 1 699 
# 2 605 1 700 
# 1 701 2 607 
# 1 703 2 609 
# 1 704 2 610 
# 1 705 2 611 
# 1 706 2 612 
# 2 614 1 709 
# 1 710 2 617 
# 1 712 2 622 
# 1 714 2 623 
# 2 625 1 716 
# 2 626 1 717 
# 2 627 1 718 
# 1 720 2 629 
# 1 721 2 630 
# 1 723 2 631 
# 1 724 2 632 
# 1 725 2 633 
# 1 726 2 635 
# 1 727 2 636 
# 1 728 2 638 
# 1 729 2 639 
# 2 640 1 730 
# 2 642 1 732 
# 2 643 1 734 
# 1 735 2 644 
# 1 737 2 645 
# 1 738 2 647 
# 1 739 2 649 
# 1 741 2 650 
# 1 743 2 651 
# 1 745 2 652 
# 1 746 2 655 
# 2 656 1 747 
# 2 657 1 748 
# 2 658 1 749 
# 2 659 1 750 
# 1 751 2 661 
# 1 752 2 663 
# 1 753 2 664 
# 1 754 2 665 
# 1 755 2 666 
# 1 757 2 667 
# 1 759 2 668 
# 1 760 2 669 
# 1 761 2 670 
# 1 762 2 671 
# 2 672 1 764 
# 2 673 1 765 
# 2 674 1 766 
# 1 767 2 675 
# 1 769 2 677 
# 1 771 2 678 
# 1 772 2 679 
# 1 776 2 683 
# 1 777 2 685 
# 2 690 1 779 
# 2 692 1 780 
# 2 695 1 782 
# 1 783 2 697 
# 1 784 2 699 
# 1 785 2 703 
# 2 705 1 787 
# 2 706 1 788 
# 2 707 1 789 
# 2 708 1 790 
# 2 709 1 791 
# 2 710 1 792 
# 2 711 1 794 
# 2 712 1 795 
# 2 713 1 796 
# 2 714 1 797 
# 2 715 1 798 
# 1 799 2 716 
# 1 800 2 717 
# 1 801 2 719 
# 2 721 1 802 
# 2 722 1 803 
# 2 723 1 804 
# 2 724 1 807 
# 2 726 1 809 
# 2 727 1 810 
# 2 728 1 811 
# 1 815 2 732 
# 1 816 2 735 
# 1 817 2 739 
# 1 818 2 741 
# 1 820 2 745 
# 1 821 2 746 
# 1 822 2 747 
# 1 823 2 748 
# 1 824 2 749 
# 1 825 2 750 
# 2 752 1 827 
# 2 755 1 829 
# 2 756 1 830 
# 1 831 2 757 
# 2 758 1 838 
# 2 760 1 839 
# 2 761 1 846 
# 1 847 2 763 
# 1 850 2 764 
# 1 854 2 765 
# 1 855 2 766 
# 1 857 2 767 
# 2 768 1 860 
# 2 769 1 861 
# 2 770 1 862 
# 2 772 1 870 
# 2 774 1 876 
# 2 775 1 878 
# 1 885 2 776 
# 1 886 2 777 
# 1 887 2 778 
# 2 779 1 890 
# 2 780 1 891 
# 1 895 2 781 
# 1 903 2 783 
# 2 784 1 904 
# 2 785 1 905 
# 1 911 2 786 
# 1 912 2 787 
# 1 913 2 788 
# 2 789 1 919 
# 2 790 1 920 
# 2 791 1 924 
# 2 792 1 926 
# 1 928 2 793 
# 1 933 2 795 
# 1 935 2 796 
# 1 936 2 797 
# 1 937 2 798 
# 2 799 1 942 
# 2 800 1 943 
# 2 801 1 944 
# 2 802 1 945 
# 2 803 1 946 
# 1 947 2 805 
# 1 948 2 806 
# 1 949 2 809 
# 1 950 2 810 
# 1 951 2 812 
# 1 952 2 814 
# 2 817 1 954 
# 2 818 1 955 
# 2 820 1 957 
# 2 822 1 958 
# 1 959 2 823 
# 1 961 2 828 
# 1 966 2 829 
# 1 967 2 830 
# 1 968 2 831 
# 2 832 1 969 
# 2 833 1 970 
# 2 834 1 972 
# 2 835 1 973 
# 2 836 1 974 
# 1 975 2 838 
# 1 977 2 839 
# 1 980 2 840 
# 1 981 2 841 
# 1 982 2 842 
# 1 983 2 843 
# 1 986 2 844 
# 1 987 2 845 
# 2 846 1 990 
# 2 848 1 991 
# 2 849 1 993 
# 2 850 1 995 
# 2 852 1 997 
# 2 853 1 998 
# 2 854 1 1000 
# 2 855 1 1001 
# 2 856 1 1002 
# 2 857 1 1004 
# 2 859 1 1005 
# 2 861 1 1006 
# 1 1007 2 862 
# 1 1008 2 863 
# 2 864 1 1009 
# 2 867 1 1011 
# 2 868 1 1012 
# 2 870 1 1014 
# 2 871 1 1015 
# 2 872 1 1018 
# 2 874 1 1019 
# 2 875 1 1020 
# 2 878 1 1021 
# 2 880 1 1022 
# 2 881 1 1025 
# 1 1026 2 884 
# 2 885 1 1028 
# 2 887 1 1030 
# 2 889 1 1032 
# 2 890 1 1033 
# 2 891 1 1035 
# 2 892 1 1036 
# 2 893 1 1038 
# 1 1039 2 894 
# 2 897 1 1041 
# 2 898 1 1042 
# 2 900 1 1044 
# 2 901 1 1045 
# 2 903 1 1046 
# 2 905 1 1048 
# 2 906 1 1051 
# 2 907 1 1053 
# 2 910 1 1054 
# 2 912 1 1055 
# 2 913 1 1057 
# 2 914 1 1058 
# 2 916 1 1060 
# 2 917 1 1061 
# 2 918 1 1063 
# 2 919 1 1064 
# 2 920 1 1066 
# 2 921 1 1069 
# 2 923 1 1070 
# 1 1071 2 924 
# 1 1072 2 925 
# 1 1073 2 926 
# 2 929 1 1074 
# 2 930 1 1075 
# 2 932 1 1076 
# 2 933 1 1078 
# 2 935 1 1080 
# 2 936 1 1083 
# 2 937 1 1084 
# 2 938 1 1086 
# 1 1088 2 939 
# 1 1089 2 940 
# 1 1090 2 941 
# 1 1091 2 943 
# 2 944 1 1092 
# 2 945 1 1093 
# 2 946 1 1094 
# 2 947 1 1095 
# 2 949 1 1098 
# 2 950 1 1100 
# 2 951 1 1101 
# 2 952 1 1102 
# 1 1103 2 953 
# 1 1106 2 956 
# 1 1109 2 957 
# 1 1110 2 958 
# 1 1112 2 959 
# 2 960 1 1114 
# 2 961 1 1115 
# 2 962 1 1116 
# 2 963 1 1117 
# 2 964 1 1118 
# 1 1121 2 966 
# 1 1122 2 967 
# 1 1124 2 968 
# 1 1125 2 969 
# 1 1126 2 970 
# 1 1129 2 971 
# 1 1130 2 972 
# 2 973 1 1132 
# 2 974 1 1134 
# 1 1136 2 975 
# 2 976 1 1137 
# 2 978 1 1139 
# 2 980 1 1141 
# 2 981 1 1142 
# 2 982 1 1144 
# 2 983 1 1145 
# 2 984 1 1146 
# 2 985 1 1148 
# 2 988 1 1149 
# 2 989 1 1150 
# 1 1152 2 990 
# 1 1154 2 991 
# 2 992 1 1156 
# 2 993 1 1157 
# 2 994 1 1158 
# 2 995 1 1159 
# 2 996 1 1161 
# 2 997 1 1162 
# 2 998 1 1163 
# 2 999 1 1164 
# 1 1167 2 1000 
# 1 1168 2 1002 
# 1 1169 2 1003 
# 1 1171 2 1004 
# 1 1172 2 1006 
# 2 1008 1 1176 
# 2 1009 1 1177 
# 2 1010 1 1178 
# 2 1012 1 1181 
# 1 1183 2 1013 
# 1 1187 2 1016 
# 1 1189 2 1017 
# 1 1191 2 1018 
# 1 1193 2 1019 
# 2 1021 1 1196 
# 2 1022 1 1198 
# 1 1200 2 1023 
# 2 1024 1 1202 
# 2 1026 1 1206 
# 2 1027 1 1208 
# 2 1028 1 1210 
# 2 1029 1 1212 
# 1 1216 2 1031 
# 1 1218 2 1032 
# 2 1033 1 1224 
# 2 1034 1 1230 
# 1 1236 2 1035 
# 1 1237 2 1039 
# 2 1040 1 1238 
# 2 1045 1 1240 
# 2 1046 1 1241 
# 2 1048 1 1242 
# 2 1050 1 1243 
# 2 1064 1 1244 
# 2 1066 1 1245 
# 2 1067 1 1246 
# 1 1247 2 1070 
# 1 1248 2 1071 
# 2 1075 1 1250 
# 1 1253 2 1079 
# 1 1254 2 1081 
# 1 1256 2 1082 
# 1 1257 2 1083 
# 1 1258 2 1084 
# 1 1259 2 1085 
# 1 1260 2 1086 
# 1 1261 2 1087 
# 2 1088 1 1262 
# 2 1089 1 1264 
# 2 1091 1 1267 
# 2 1093 1 1268 
# 1 1269 2 1095 
# 1 1270 2 1096 
# 1 1271 2 1102 
# 1 1272 2 1103 
# 2 1106 1 1273 
# 2 1107 1 1274 
# 2 1111 1 1275 
# 2 1113 1 1278 
# 1 1280 2 1115 
# 1 1283 2 1116 
# 1 1284 2 1118 
# 1 1285 2 1119 
# 2 1120 1 1286 
# 2 1121 1 1287 
# 2 1122 1 1288 
# 2 1123 1 1290 
# 2 1124 1 1291 
# 2 1127 1 1292 
# 2 1128 1 1294 
# 1 1297 2 1129 
# 1 1298 2 1130 
# 1 1300 2 1131 
# 1 1304 2 1132 
# 1 1307 2 1133 
# 1 1308 2 1134 
# 2 1135 1 1310 
# 2 1136 1 1312 
# 2 1137 1 1313 
# 2 1139 1 1314 
# 2 1141 1 1317 
# 2 1143 1 1318 
# 1 1319 2 1146 
# 1 1320 2 1147 
# 1 1321 2 1149 
# 1 1322 2 1150 
# 2 1152 1 1323 
# 2 1154 1 1325 
# 2 1156 1 1326 
# 1 1327 2 1157 
# 1 1328 2 1159 
# 1 1329 2 1160 
# 1 1330 2 1162 
# 1 1331 2 1163 
# 1 1333 2 1165 
# 2 1168 1 1334 
# 2 1169 1 1335 
# 2 1171 1 1337 
# 2 1172 1 1338 
# 2 1175 1 1339 
# 2 1176 1 1340 
# 2 1178 1 1341 
# 2 1179 1 1342 
# 1 1343 2 1180 
# 1 1344 2 1181 
# 1 1345 2 1182 
# 1 1346 2 1183 
# 2 1184 1 1348 
# 2 1186 1 1350 
# 2 1187 1 1351 
# 2 1188 1 1352 
# 2 1189 1 1353 
# 2 1190 1 1356 
# 2 1191 1 1357 
# 2 1192 1 1358 
# 1 1360 2 1196 
# 1 1361 2 1197 
# 1 1362 2 1198 
# 2 1200 1 1364 
# 2 1201 1 1369 
# 2 1202 1 1371 
# 2 1203 1 1374 
# 1 1375 2 1204 
# 1 1378 2 1205 
# 1 1380 2 1207 
# 1 1381 2 1208 
# 1 1382 2 1209 
# 1 1384 2 1210 
# 1 1385 2 1211 
# 2 1212 1 1388 
# 1 1391 2 1214 
# 1 1392 2 1215 
# 2 1216 1 1394 
# 2 1217 1 1395 
# 2 1218 1 1396 
# 2 1220 1 1398 
# 2 1221 1 1399 
# 2 1222 1 1400 
# 2 1224 1 1401 
# 2 1226 1 1402 
# 1 1403 2 1229 
# 1 1405 2 1231 
# 2 1233 1 1406 
# 1 1407 2 1234 
# 1 1409 2 1238 
# 1 1412 2 1240 
# 1 1413 2 1241 
# 1 1414 2 1243 
# 1 1415 2 1244 
# 1 1416 2 1246 
# 2 1248 1 1417 
# 2 1250 1 1418 
# 2 1253 1 1419 
# 2 1254 1 1420 
# 2 1257 1 1422 
# 1 1423 2 1259 
# 1 1425 2 1262 
# 2 1264 1 1426 
# 2 1268 1 1427 
# 2 1269 1 1428 
# 1 1430 2 1274 
# 1 1432 2 1277 
# 2 1282 1 1433 
# 2 1283 1 1435 
# 2 1284 1 1436 
# 2 1285 1 1437 
# 2 1286 1 1438 
# 1 1439 2 1287 
# 1 1440 2 1288 
# 1 1441 2 1289 
# 1 1442 2 1290 
# 1 1443 2 1291 
# 1 1444 2 1292 
# 1 1446 2 1294 
# 2 1296 1 1449 
# 2 1297 1 1450 
# 2 1298 1 1451 
# 2 1299 1 1452 
# 2 1300 1 1453 
# 1 1455 2 1302 
# 1 1457 2 1303 
# 1 1459 2 1305 
# 1 1460 2 1308 
# 2 1312 1 1461 
# 2 1313 1 1462 
# 2 1316 1 1463 
# 2 1319 1 1467 
# 2 1320 1 1468 
# 2 1322 1 1469 
# 2 1323 1 1470 
# 1 1471 2 1324 
# 2 1329 1 1475 
# 2 1333 1 1476 
# 2 1334 1 1477 
# 1 1478 2 1336 
# 1 1479 2 1339 
# 1 1480 2 1340 
# 1 1481 2 1343 
# 2 1345 1 1482 
# 2 1346 1 1486 
# 1 1488 2 1347 
# 1 1489 2 1348 
# 2 1349 1 1493 
# 2 1350 1 1494 
# 2 1351 1 1498 
# 2 1352 1 1500 
# 2 1353 1 1502 
# 1 1504 2 1354 
# 1 1505 2 1355 
# 1 1506 2 1356 
# 2 1361 1 1508 
# 2 1362 1 1509 
# 2 1364 1 1510 
# 2 1368 1 1512 
# 2 1369 1 1513 
# 1 1514 2 1372 
# 1 1515 2 1374 
# 1 1516 2 1375 
# 2 1377 1 1518 
# 1 1519 2 1378 
# 1 1520 2 1380 
# 1 1521 2 1381 
# 1 1523 2 1382 
# 1 1524 2 1383 
# 1 1526 2 1384 
# 1 1527 2 1385 
# 1 1528 2 1386 
# 1 1529 2 1388 
# 1 1530 2 1390 
# 2 1392 1 1531 
# 2 1393 1 1532 
# 2 1395 1 1533 
# 2 1396 1 1534 
# 1 1535 2 1397 
# 1 1536 2 1398 
# 1 1537 2 1399 
# 1 1538 2 1401 
# 1 1539 2 1402 
# 1 1541 2 1404 
# 1 1542 2 1405 
# 1 1544 2 1406 
# 1 1545 2 1407 
# 2 1408 1 1546 
# 2 1410 1 1547 
# 2 1411 1 1549 
# 2 1414 1 1550 
# 1 1551 2 1416 
# 1 1552 2 1417 
# 1 1553 2 1418 
# 1 1554 2 1419 
# 1 1555 2 1420 
# 1 1556 2 1422 
# 2 1424 1 1557 
# 2 1425 1 1559 
# 2 1426 1 1560 
# 2 1427 1 1561 
# 2 1428 1 1562 
# 2 1430 1 1563 
# 2 1431 1 1564 
# 2 1434 1 1566 
# 1 1568 2 1435 
# 1 1569 2 1436 
# 1 1570 2 1437 
# 1 1571 2 1438 
# 2 1440 1 1572 
# 2 1441 1 1573 
# 2 1442 1 1574 
# 2 1443 1 1575 
# 2 1444 1 1576 
# 2 1445 1 1577 
# 2 1448 1 1578 
# 2 1449 1 1579 
# 2 1450 1 1580 
# 2 1451 1 1581 
# 2 1452 1 1582 
# 1 1587 2 1453 
# 1 1588 2 1454 
# 1 1590 2 1455 
# 2 1456 1 1591 
# 2 1458 1 1595 
# 2 1460 1 1597 
# 1 1600 2 1461 
# 1 1601 2 1462 
# 1 1602 2 1463 
# 1 1604 2 1464 
# 1 1606 2 1465 
# 1 1607 2 1466 
# 2 1467 1 1611 
# 1 1619 2 1469 
# 2 1473 1 1625 
# 2 1474 1 1626 
# 2 1475 1 1629 
# 2 1476 1 1630 
# 1 1633 2 1478 
# 1 1634 2 1479 
# 1 1639 2 1481 
# 2 1482 1 1641 
# 2 1483 1 1645 
# 1 1647 2 1485 
# 1 1650 2 1486 
# 1 1652 2 1487 
# 2 1488 1 1654 
# 2 1489 1 1660 
# 2 1490 1 1661 
# 1 1664 2 1492 
# 1 1666 2 1493 
# 1 1668 2 1494 
# 2 1495 1 1670 
# 2 1496 1 1671 
# 2 1497 1 1674 
# 2 1498 1 1675 
# 2 1499 1 1678 
# 1 1679 2 1502 
# 1 1681 2 1503 
# 2 1504 1 1682 
# 2 1505 1 1683 
# 2 1506 1 1684 
# 2 1508 1 1685 
# 2 1509 1 1686 
# 2 1512 1 1687 
# 2 1513 1 1688 
# 2 1514 1 1689 
# 2 1515 1 1690 
# 2 1516 1 1691 
# 2 1517 1 1692 
# 1 1693 2 1519 
# 2 1520 1 1694 
# 1 1695 2 1521 
# 2 1522 1 1698 
# 1 1699 2 1525 
# 1 1701 2 1527 
# 1 1702 2 1528 
# 2 1529 1 1704 
# 2 1530 1 1705 
# 2 1531 1 1706 
# 2 1532 1 1709 
# 1 1711 2 1535 
# 2 1536 1 1712 
# 2 1537 1 1714 
# 2 1539 1 1715 
# 2 1540 1 1716 
# 2 1541 1 1717 
# 2 1542 1 1718 
# 2 1543 1 1719 
# 2 1544 1 1720 
# 2 1545 1 1721 
# 2 1546 1 1723 
# 2 1547 1 1724 
# 2 1549 1 1725 
# 2 1550 1 1726 
# 1 1727 2 1551 
# 2 1552 1 1728 
# 2 1553 1 1729 
# 2 1554 1 1730 
# 2 1555 1 1731 
# 2 1556 1 1732 
# 2 1557 1 1733 
# 2 1558 1 1734 
# 2 1560 1 1736 
# 2 1562 1 1737 
# 2 1563 1 1738 
# 2 1564 1 1739 
# 2 1565 1 1740 
# 2 1566 1 1741 
# 2 1567 1 1742 
# 2 1568 1 1743 
# 2 1569 1 1744 
# 2 1570 1 1745 
# 1 1746 2 1572 
# 1 1747 2 1573 
# 1 1748 2 1574 
# 2 1575 1 1750 
# 2 1576 1 1752 
# 2 1577 1 1753 
# 2 1579 1 1755 
# 2 1580 1 1756 
# 2 1581 1 1758 
# 1 1763 2 1582 
# 2 1584 1 1768 
# 2 1585 1 1769 
# 2 1586 1 1771 
# 2 1587 1 1773 
# 2 1588 1 1774 
# 1 1777 2 1590 
# 1 1779 2 1591 
# 1 1780 2 1592 
# 1 1781 2 1593 
# 1 1783 2 1594 
# 1 1785 2 1595 
# 2 1596 1 1788 
# 1 1792 2 1599 
# 2 1601 1 1796 
# 2 1602 1 1797 
# 2 1603 1 1799 
# 2 1604 1 1800 
# 2 1605 1 1804 
# 2 1607 1 1806 
# 1 1808 2 1612 
# 2 1617 1 1809 
# 2 1618 1 1810 
# 2 1620 1 1811 
# 1 1812 2 1623 
# 1 1813 2 1625 
# 1 1814 2 1627 
# 2 1632 1 1815 
# 2 1633 1 1816 
# 2 1636 1 1817 
# 2 1638 1 1818 
# 2 1642 1 1819 
# 2 1648 1 1821 
# 2 1652 1 1822 
# 1 1823 2 1653 
# 1 1824 2 1655 
# 1 1825 2 1656 
# 1 1826 2 1658 
# 1 1827 2 1659 
# 1 1828 2 1663 
# 2 1665 1 1831 
# 2 1669 1 1832 
# 2 1672 1 1833 
# 2 1673 1 1834 
# 1 1835 2 1677 
# 1 1836 2 1678 
# 2 1681 1 1837 
# 2 1682 1 1838 
# 1 1839 2 1683 
# 1 1840 2 1684 
# 1 1841 2 1685 
# 1 1842 2 1687 
# 1 1843 2 1689 
# 1 1844 2 1690 
# 1 1846 2 1691 
# 1 1848 2 1692 
# 1 1850 2 1693 
# 1 1851 2 1695 
# 2 1696 1 1852 
# 2 1697 1 1853 
# 1 1855 2 1699 
# 1 1857 2 1700 
# 1 1858 2 1701 
# 2 1702 1 1861 
# 2 1703 1 1862 
# 2 1704 1 1863 
# 2 1705 1 1864 
# 2 1706 1 1865 
# 1 1866 2 1708 
# 1 1867 2 1709 
# 1 1868 2 1710 
# 1 1869 2 1711 
# 2 1713 1 1870 
# 1 1871 2 1715 
# 1 1874 2 1718 
# 1 1875 2 1719 
# 1 1876 2 1721 
# 1 1877 2 1726 
# 2 1728 1 1879 
# 2 1731 1 1880 
# 2 1732 1 1881 
# 2 1736 1 1882 
# 2 1738 1 1883 
# 1 1884 2 1743 
# 2 1746 1 1885 
# 2 1751 1 1886 
# 1 1887 2 1753 
# 1 1888 2 1756 
# 1 1890 2 1757 
# 1 1892 2 1759 
# 2 1760 1 1893 
# 2 1761 1 1897 
# 2 1762 1 1898 
# 2 1763 1 1899 
# 1 1903 2 1765 
# 1 1904 2 1766 
# 1 1907 2 1768 
# 1 1908 2 1770 
# 1 1909 2 1771 
# 1 1910 2 1772 
# 1 1911 2 1774 
# 2 1776 1 1912 
# 2 1777 1 1914 
# 2 1778 1 1915 
# 2 1780 1 1916 
# 2 1781 1 1917 
# 2 1782 1 1918 
# 1 1919 2 1783 
# 1 1920 2 1784 
# 1 1921 2 1785 
# 1 1922 2 1786 
# 1 1923 2 1787 
# 1 1924 2 1788 
# 1 1925 2 1789 
# 1 1927 2 1790 
# 1 1928 2 1791 
# 2 1792 1 1930 
# 2 1793 1 1931 
# 2 1794 1 1932 
# 2 1796 1 1933 
# 2 1797 1 1934 
# 1 1935 2 1798 
# 1 1936 2 1799 
# 1 1937 2 1801 
# 1 1938 2 1802 
# 1 1940 2 1805 
# 2 1808 1 1941 
# 2 1811 1 1942 
# 2 1817 1 1944 
# 1 1945 2 1819 
# 1 1946 2 1822 
# 2 1825 1 1947 
# 2 1827 1 1948 
# 2 1830 1 1949 
# 2 1832 1 1950 
# 1 1951 2 1836 
# 1 1952 2 1839 
# 2 1840 1 1953 
# 2 1844 1 1957 
# 2 1845 1 1958 
# 2 1846 1 1960 
# 2 1848 1 1963 
# 2 1849 1 1964 
# 2 1850 1 1965 
# 1 1967 2 1853 
# 1 1968 2 1855 
# 2 1856 1 1969 
# 2 1857 1 1970 
# 2 1859 1 1972 
# 2 1860 1 1973 
# 2 1862 1 1974 
# 2 1863 1 1975 
# 2 1864 1 1978 
# 2 1865 1 1979 
# 2 1866 1 1982 
# 1 1983 2 1867 
# 1 1984 2 1869 
# 1 1985 2 1870 
# 1 1988 2 1871 
# 2 1872 1 1989 
# 2 1873 1 1991 
# 2 1874 1 1992 
# 2 1875 1 1993 
# 2 1876 1 1995 
# 2 1877 1 1996 
# 1 1999 2 1878 
# 1 2002 2 1879 
# 1 2006 2 1881 
# 1 2007 2 1885 
# 1 2008 2 1887 
# 2 1891 1 2009 
# 2 1898 1 2010 
# 1 2011 2 1902 
# 2 1906 1 2012 
# 2 1910 1 2013 
# 2 1917 1 2014 
# 1 2015 2 1926 
# 1 2016 2 1927 
# 1 2017 2 1931 
# 1 2018 2 1932 
# 1 2020 2 1935 
# 2 1937 1 2021 
# 2 1939 1 2022 
# 2 1940 1 2024 
# 2 1941 1 2025 
# 2 1943 1 2028 
# 2 1944 1 2029 
# 2 1945 1 2030 
# 1 2031 2 1946 
# 1 2032 2 1947 
# 1 2034 2 1948 
# 1 2035 2 1949 
# 1 2036 2 1950 
# 1 2037 2 1951 
# 2 1952 1 2038 
# 2 1953 1 2039 
# 2 1954 1 2041 
# 2 1956 1 2042 
# 2 1958 1 2043 
# 2 1959 1 2045 
# 2 1960 1 2046 
# 1 2047 2 1961 
# 1 2048 2 1962 
# 1 2049 2 1963 
# 1 2051 2 1964 
# 1 2052 2 1965 
# 1 2053 2 1966 
# 1 2054 2 1967 
# 2 1968 1 2055 
# 2 1969 1 2056 
# 2 1972 1 2057 
# 2 1973 1 2058 
# 2 1974 1 2060 
# 2 1975 1 2061 
# 1 2064 2 1976 
# 1 2065 2 1978 
# 1 2066 2 1979 
# 1 2067 2 1980 
# 1 2070 2 1981 
# 2 1984 1 2071 
# 2 1986 1 2073 
# 2 1987 1 2074 
# 2 1988 1 2075 
# 2 1989 1 2076 
# 2 1990 1 2077 
# 2 1991 1 2078 
# 1 2079 2 1992 
# 1 2080 2 1993 
# 1 2082 2 1994 
# 1 2083 2 1996 
# 1 2084 2 1997 
# 1 2085 2 1999 
# 2 2000 1 2086 
# 2 2003 1 2087 
# 2 2004 1 2088 
# 2 2005 1 2089 
# 2 2006 1 2090 
# 2 2007 1 2091 
# 2 2008 1 2092 
# 2 2009 1 2093 
# 2 2010 1 2094 
# 1 2096 2 2011 
# 1 2099 2 2014 
# 1 2100 2 2015 
# 2 2016 1 2101 
# 2 2017 1 2102 
# 2 2019 1 2103 
# 2 2021 1 2104 
# 2 2022 1 2106 
# 2 2023 1 2108 
# 2 2024 1 2109 
# 2 2025 1 2110 
# 1 2111 2 2027 
# 1 2112 2 2028 
# 1 2113 2 2029 
# 1 2114 2 2030 
# 2 2032 1 2115 
# 2 2034 1 2116 
# 2 2036 1 2117 
# 2 2038 1 2118 
# 2 2039 1 2119 
# 2 2041 1 2120 
# 2 2042 1 2121 
# 2 2043 1 2122 
# 1 2123 2 2045 
# 1 2124 2 2046 
# 1 2125 2 2047 
# 2 2048 1 2126 
# 1 2127 2 2050 
# 1 2128 2 2051 
# 1 2129 2 2053 
# 1 2131 2 2054 
# 2 2057 1 2136 
# 2 2058 1 2137 
# 1 2138 2 2060 
# 1 2139 2 2063 
# 2 2064 1 2140 
# 2 2065 1 2141 
# 1 2143 2 2066 
# 1 2145 2 2067 
# 1 2146 2 2068 
# 1 2147 2 2069 
# 1 2148 2 2070 
# 1 2149 2 2072 
# 1 2150 2 2073 
# 1 2152 2 2075 
# 1 2153 2 2076 
# 1 2155 2 2078 
# 1 2156 2 2079 
# 2 2080 1 2157 
# 2 2081 1 2158 
# 1 2159 2 2082 
# 1 2160 2 2083 
# 1 2161 2 2084 
# 1 2162 2 2086 
# 1 2164 2 2088 
# 1 2165 2 2089 
# 1 2166 2 2090 
# 1 2169 2 2094 
# 2 2096 1 2172 
# 2 2098 1 2173 
# 2 2099 1 2174 
# 1 2175 2 2101 
# 1 2176 2 2102 
# 1 2177 2 2105 
# 1 2178 2 2106 
# 1 2180 2 2108 
# 1 2181 2 2109 
# 1 2182 2 2110 
# 1 2183 2 2111 
# 2 2112 1 2186 
# 2 2113 1 2187 
# 2 2114 1 2188 
# 2 2115 1 2189 
# 2 2116 1 2190 
# 1 2193 2 2117 
# 1 2194 2 2118 
# 1 2195 2 2120 
# 1 2196 2 2124 
# 1 2197 2 2126 
# 1 2199 2 2127 
# 2 2128 1 2200 
# 2 2132 1 2201 
# 2 2133 1 2202 
# 2 2135 1 2203 
# 2 2136 1 2204 
# 2 2138 1 2205 
# 2 2139 1 2206 
# 1 2207 2 2140 
# 1 2208 2 2141 
# 1 2209 2 2143 
# 2 2144 1 2210 
# 2 2145 1 2211 
# 2 2146 1 2212 
# 2 2147 1 2213 
# 2 2148 1 2214 
# 2 2149 1 2215 
# 2 2151 1 2216 
# 2 2152 1 2217 
# 2 2153 1 2218 
# 2 2155 1 2219 
# 2 2156 1 2220 
# 2 2158 1 2222 
# 1 2225 2 2159 
# 2 2160 1 2227 
# 2 2161 1 2229 
# 2 2162 1 2231 
# 2 2164 1 2232 
# 2 2165 1 2234 
# 2 2167 1 2235 
# 2 2169 1 2237 
# 2 2170 1 2238 
# 1 2241 2 2171 
# 1 2242 2 2172 
# 1 2243 2 2173 
# 1 2244 2 2174 
# 1 2245 2 2175 
# 2 2176 1 2246 
# 2 2177 1 2247 
# 2 2179 1 2248 
# 2 2180 1 2249 
# 2 2181 1 2250 
# 2 2182 1 2251 
# 2 2183 1 2253 
# 1 2255 2 2184 
# 1 2257 2 2185 
# 1 2261 2 2186 
# 1 2262 2 2187 
# 1 2263 2 2188 
# 1 2267 2 2189 
# 2 2190 1 2269 
# 2 2191 1 2270 
# 2 2192 1 2274 
# 2 2193 1 2275 
# 2 2194 1 2276 
# 2 2195 1 2277 
# 2 2197 1 2280 
# 2 2198 1 2281 
# 2 2200 1 2284 
# 2 2201 1 2285 
# 2 2202 1 2286 
# 1 2287 2 2204 
# 1 2290 2 2206 
# 1 2291 2 2207 
# 2 2208 1 2295 
# 2 2209 1 2296 
# 2 2210 1 2297 
# 2 2211 1 2300 
# 2 2212 1 2302 
# 1 2303 2 2213 
# 1 2307 2 2215 
# 1 2309 2 2216 
# 2 2219 1 2314 
# 2 2220 1 2315 
# 2 2221 1 2316 
# 2 2222 1 2317 
# 1 2319 2 2223 
# 2 2224 1 2321 
# 2 2225 1 2322 
# 2 2226 1 2323 
# 2 2228 1 2324 
# 2 2229 1 2326 
# 2 2231 1 2328 
# 2 2232 1 2330 
# 2 2233 1 2331 
# 2 2234 1 2334 
# 1 2335 2 2235 
# 1 2338 2 2237 
# 1 2339 2 2238 
# 2 2240 1 2343 
# 2 2241 1 2344 
# 2 2242 1 2345 
# 2 2243 1 2346 
# 2 2244 1 2348 
# 2 2245 1 2350 
# 1 2351 2 2246 
# 1 2352 2 2247 
# 1 2353 2 2248 
# 1 2354 2 2249 
# 1 2355 2 2250 
# 1 2357 2 2251 
# 1 2358 2 2252 
# 1 2360 2 2253 
# 1 2361 2 2254 
# 2 2256 1 2364 
# 1 2367 2 2258 
# 1 2369 2 2259 
# 2 2260 1 2371 
# 2 2261 1 2372 
# 2 2262 1 2373 
# 2 2263 1 2374 
# 2 2264 1 2376 
# 2 2265 1 2377 
# 2 2266 1 2379 
# 2 2267 1 2380 
# 1 2383 2 2268 
# 1 2384 2 2269 
# 1 2386 2 2270 
# 1 2387 2 2271 
# 2 2272 1 2390 
# 2 2274 1 2392 
# 2 2275 1 2393 
# 2 2276 1 2397 
# 2 2277 1 2398 
# 1 2399 2 2278 
# 1 2400 2 2279 
# 1 2401 2 2280 
# 1 2404 2 2282 
# 1 2405 2 2284 
# 1 2407 2 2285 
# 1 2410 2 2287 
# 2 2289 1 2412 
# 2 2290 1 2413 
# 2 2292 1 2414 
# 1 2415 2 2293 
# 1 2416 2 2295 
# 1 2417 2 2297 
# 1 2419 2 2299 
# 1 2421 2 2301 
# 1 2422 2 2303 
# 2 2304 1 2423 
# 2 2306 1 2425 
# 2 2311 1 2427 
# 2 2313 1 2428 
# 2 2316 1 2429 
# 1 2431 2 2317 
# 1 2432 2 2319 
# 2 2320 1 2433 
# 2 2321 1 2434 
# 2 2323 1 2435 
# 2 2325 1 2436 
# 1 2437 2 2327 
# 1 2438 2 2329 
# 1 2439 2 2331 
# 1 2442 2 2332 
# 1 2443 2 2333 
# 1 2444 2 2334 
# 1 2445 2 2335 
# 2 2336 1 2446 
# 1 2447 2 2338 
# 1 2449 2 2339 
# 1 2450 2 2340 
# 2 2341 1 2452 
# 2 2342 1 2453 
# 1 2456 2 2346 
# 1 2457 2 2347 
# 1 2459 2 2349 
# 1 2461 2 2351 
# 2 2352 1 2462 
# 2 2353 1 2464 
# 2 2354 1 2465 
# 2 2355 1 2467 
# 2 2356 1 2470 
# 2 2357 1 2472 
# 2 2359 1 2473 
# 2 2360 1 2475 
# 2 2361 1 2478 
# 1 2481 2 2363 
# 1 2484 2 2364 
# 1 2486 2 2365 
# 1 2490 2 2367 
# 2 2368 1 2492 
# 2 2369 1 2494 
# 1 2495 2 2370 
# 2 2371 1 2500 
# 2 2372 1 2503 
# 2 2373 1 2505 
# 2 2374 1 2509 
# 1 2511 2 2376 
# 1 2516 2 2379 
# 1 2517 2 2380 
# 1 2523 2 2382 
# 1 2525 2 2383 
# 2 2384 1 2533 
# 2 2385 1 2534 
# 2 2386 1 2535 
# 2 2387 1 2536 
# 2 2388 1 2537 
# 2 2389 1 2538 
# 2 2392 1 2541 
# 2 2393 1 2542 
# 1 2543 2 2394 
# 1 2544 2 2395 
# 1 2546 2 2396 
# 1 2547 2 2397 
# 1 2549 2 2398 
# 2 2400 1 2553 
# 2 2401 1 2554 
# 2 2402 1 2555 
# 2 2403 1 2556 
# 2 2404 1 2557 
# 1 2562 2 2406 
# 1 2564 2 2407 
# 1 2566 2 2409 
# 1 2567 2 2410 
# 2 2411 1 2570 
# 2 2412 1 2571 
# 2 2413 1 2573 
# 1 2575 2 2414 
# 2 2417 1 2580 
# 2 2418 1 2581 
# 2 2419 1 2582 
# 2 2420 1 2584 
# 2 2421 1 2586 
# 2 2422 1 2588 
# 1 2591 2 2423 
# 1 2593 2 2424 
# 1 2596 2 2425 
# 1 2598 2 2426 
# 1 2602 2 2428 
# 2 2429 1 2605 
# 2 2430 1 2606 
# 2 2432 1 2608 
# 2 2433 1 2610 
# 2 2434 1 2611 
# 2 2435 1 2613 
# 2 2436 1 2615 
# 2 2438 1 2617 
# 2 2439 1 2618 
# 2 2440 1 2620 
# 2 2441 1 2621 
# 1 2623 2 2442 
# 1 2624 2 2445 
# 2 2448 1 2628 
# 2 2449 1 2629 
# 2 2451 1 2630 
# 2 2452 1 2631 
# 2 2453 1 2632 
# 2 2456 1 2635 
# 2 2458 1 2636 
# 2 2459 1 2637 
# 2 2460 1 2638 
# 1 2639 2 2461 
# 1 2641 2 2463 
# 2 2464 1 2642 
# 2 2465 1 2644 
# 2 2468 1 2646 
# 2 2470 1 2650 
# 2 2471 1 2652 
# 2 2474 1 2654 
# 1 2656 2 2476 
# 1 2658 2 2477 
# 1 2659 2 2478 
# 1 2661 2 2479 
# 2 2481 1 2663 
# 2 2482 1 2664 
# 2 2485 1 2669 
# 1 2672 2 2486 
# 1 2678 2 2490 
# 1 2679 2 2493 
# 1 2680 2 2494 
# 1 2681 2 2495 
# 2 2499 1 2682 
# 2 2502 1 2683 
# 2 2503 1 2685 
# 2 2504 1 2686 
# 1 2688 2 2505 
# 1 2689 2 2508 
# 1 2690 2 2509 
# 2 2513 1 2692 
# 2 2514 1 2693 
# 2 2515 1 2694 
# 2 2518 1 2695 
# 2 2519 1 2696 
# 2 2521 1 2697 
# 2 2523 1 2698 
# 1 2699 2 2526 
# 1 2700 2 2527 
# 2 2528 1 2701 
# 2 2529 1 2702 
# 1 2703 2 2531 
# 1 2709 2 2537 
# 1 2710 2 2538 
# 2 2541 1 2718 
# 1 2720 2 2542 
# 1 2722 2 2543 
# 2 2544 1 2725 
# 2 2545 1 2727 
# 2 2546 1 2729 
# 2 2547 1 2734 
# 1 2736 2 2548 
# 1 2737 2 2549 
# 1 2741 2 2551 
# 2 2552 1 2745 
# 2 2553 1 2746 
# 1 2754 2 2555 
# 1 2756 2 2556 
# 1 2757 2 2557 
# 1 2759 2 2558 
# 1 2760 2 2559 
# 2 2560 1 2763 
# 2 2561 1 2765 
# 2 2563 1 2770 
# 2 2564 1 2771 
# 2 2565 1 2772 
# 2 2566 1 2777 
# 2 2567 1 2778 
# 2 2568 1 2779 
# 2 2569 1 2780 
# 2 2570 1 2781 
# 2 2571 1 2782 
# 1 2784 2 2573 
# 1 2785 2 2574 
# 1 2786 2 2575 
# 2 2576 1 2787 
# 2 2578 1 2789 
# 2 2579 1 2790 
# 2 2582 1 2792 
# 2 2583 1 2793 
# 2 2584 1 2794 
# 2 2585 1 2795 
# 2 2586 1 2796 
# 2 2587 1 2797 
# 2 2588 1 2798 
# 2 2593 1 2800 
# 1 2801 2 2598 
# 1 2802 2 2603 
# 2 2609 1 2803 
# 1 2804 2 2614 
# 1 2805 2 2619 
# 2 2625 1 2807 
# 2 2631 1 2808 
# 1 2809 2 2635 
# 2 2641 1 2810 
# 2 2649 1 2811 
# 1 2812 2 2655 
# 2 2661 1 2814 
# 1 2815 2 2662 
# 1 2816 2 2663 
# 1 2817 2 2664 
# 1 2818 2 2666 
# 1 2819 2 2667 
# 1 2820 2 2668 
# 1 2821 2 2669 
# 1 2824 2 2670 
# 1 2825 2 2671 
# 2 2672 1 2826 
# 2 2673 1 2827 
# 2 2674 1 2828 
# 2 2675 1 2829 
# 2 2676 1 2830 
# 1 2832 2 2678 
# 1 2833 2 2679 
# 1 2835 2 2680 
# 1 2836 2 2681 
# 1 2837 2 2682 
# 1 2838 2 2683 
# 1 2840 2 2685 
# 1 2842 2 2686 
# 1 2844 2 2687 
# 2 2689 1 2846 
# 1 2847 2 2690 
# 2 2691 1 2850 
# 2 2692 1 2851 
# 2 2693 1 2852 
# 2 2694 1 2853 
# 1 2854 2 2698 
# 1 2855 2 2700 
# 1 2856 2 2701 
# 1 2857 2 2702 
# 1 2858 2 2703 
# 2 2704 1 2859 
# 2 2705 1 2860 
# 2 2709 1 2861 
# 2 2710 1 2862 
# 1 2863 2 2711 
# 1 2864 2 2713 
# 1 2866 2 2715 
# 1 2867 2 2716 
# 1 2869 2 2718 
# 1 2871 2 2719 
# 2 2720 1 2872 
# 2 2721 1 2873 
# 2 2723 1 2874 
# 2 2725 1 2875 
# 2 2726 1 2876 
# 2 2729 1 2877 
# 2 2731 1 2878 
# 1 2879 2 2732 
# 1 2880 2 2733 
# 1 2881 2 2734 
# 2 2736 1 2885 
# 2 2737 1 2886 
# 2 2739 1 2887 
# 2 2741 1 2888 
# 2 2743 1 2889 
# 1 2890 2 2748 
# 1 2891 2 2749 
# 1 2892 2 2750 
# 2 2754 1 2894 
# 1 2895 2 2755 
# 1 2897 2 2758 
# 1 2898 2 2759 
# 1 2899 2 2760 
# 1 2900 2 2762 
# 1 2901 2 2763 
# 1 2902 2 2765 
# 1 2903 2 2767 
# 2 2773 1 2904 
# 2 2774 1 2905 
# 2 2775 1 2906 
# 2 2777 1 2907 
# 2 2778 1 2908 
# 2 2779 1 2909 
# 2 2780 1 2910 
# 1 2911 2 2781 
# 1 2912 2 2782 
# 1 2913 2 2783 
# 2 2784 1 2914 
# 2 2785 1 2915 
# 2 2787 1 2916 
# 2 2788 1 2917 
# 2 2789 1 2918 
# 2 2790 1 2919 
# 2 2791 1 2921 
# 2 2792 1 2923 
# 2 2793 1 2924 
# 2 2794 1 2926 
# 1 2927 2 2795 
# 1 2931 2 2797 
# 1 2932 2 2798 
# 2 2802 1 2934 
# 2 2803 1 2935 
# 2 2805 1 2936 
# 2 2808 1 2937 
# 2 2811 1 2938 
# 1 2939 2 2814 
# 2 2816 1 2940 
# 2 2817 1 2941 
# 1 2943 2 2826 
# 1 2945 2 2829 
# 2 2836 1 2947 
# 2 2848 1 2949 
# 2 2850 1 2950 
# 2 2856 1 2951 
# 1 2952 2 2861 
# 2 2865 1 2953 
# 2 2868 1 2954 
# 1 2955 2 2877 
# 2 2882 1 2957 
# 2 2884 1 2958 
# 1 2959 2 2886 
# 1 2960 2 2889 
# 1 2961 2 2891 
# 1 2963 2 2894 
# 1 2964 2 2895 
# 2 2896 1 2965 
# 2 2897 1 2967 
# 2 2899 1 2968 
# 2 2901 1 2969 
# 2 2903 1 2970 
# 2 2904 1 2971 
# 2 2906 1 2972 
# 2 2908 1 2974 
# 1 2975 2 2909 
# 1 2976 2 2911 
# 2 2912 1 2977 
# 2 2914 1 2978 
# 2 2915 1 2979 
# 1 2980 2 2918 
# 1 2981 2 2921 
# 1 2982 2 2923 
# 1 2983 2 2925 
# 1 2984 2 2926 
# 2 2928 1 2986 
# 2 2930 1 2988 
# 1 2991 2 2932 
# 1 2993 2 2934 
# 1 2995 2 2936 
# 1 2996 2 2937 
# 1 2997 2 2939 
# 1 2998 2 2942 
# 2 2944 1 2999 
# 2 2945 1 3000 
# 2 2948 1 3001 
# 2 2949 1 3002 
# 2 2955 1 3003 
# 1 3004 2 2958 
# 2 2960 1 3006 
# 1 3007 2 2963 
# 1 3008 2 2965 
# 1 3009 2 2969 
# 1 3011 2 2972 
# 1 3012 2 2974 
# 2 2977 1 3013 
# 2 2979 1 3018 
# 2 2980 1 3021 
# 1 3023 2 2981 
# 1 3024 2 2982 
# 1 3026 2 2983 
# 2 2984 1 3031 
# 2 2985 1 3034 
# 2 2986 1 3036 
# 1 3040 2 2987 
# 1 3042 2 2988 
# 1 3043 2 2989 
# 1 3046 2 2990 
# 1 3048 2 2991 
# 2 2992 1 3050 
# 2 2994 1 3052 
# 2 2995 1 3053 
# 1 3056 2 2996 
# 1 3057 2 2999 
# 1 3059 2 3001 
# 1 3060 2 3002 
# 1 3063 2 3005 
# 1 3064 2 3007 
# 2 3008 1 3065 
# 2 3010 1 3066 
# 2 3012 1 3068 
# 2 3016 1 3069 
# 2 3017 1 3070 
# 1 3071 2 3019 
# 1 3072 2 3020 
# 1 3073 2 3022 
# 1 3074 2 3023 
# 2 3024 1 3075 
# 2 3025 1 3076 
# 2 3027 1 3077 
# 2 3028 1 3078 
# 2 3030 1 3079 
# 2 3031 1 3080 
# 2 3033 1 3081 
# 2 3035 1 3083 
# 1 3084 2 3038 
# 1 3085 2 3039 
# 2 3040 1 3087 
# 1 3088 2 3042 
# 1 3089 2 3043 
# 1 3090 2 3046 
# 1 3091 2 3047 
# 1 3092 2 3048 
# 1 3093 2 3052 
# 1 3094 2 3053 
# 1 3095 2 3054 
# 1 3096 2 3055 
# 2 3056 1 3098 
# 2 3058 1 3100 
# 2 3059 1 3101 
# 2 3061 1 3102 
# 1 3103 2 3062 
# 1 3104 2 3063 
# 1 3105 2 3064 
# 1 3107 2 3065 
# 1 3109 2 3067 
# 1 3110 2 3068 
# 1 3111 2 3069 
# 1 3112 2 3070 
# 2 3072 1 3114 
# 2 3073 1 3115 
# 2 3074 1 3116 
# 2 3076 1 3117 
# 2 3077 1 3118 
# 1 3119 2 3078 
# 1 3120 2 3079 
# 1 3121 2 3081 
# 1 3122 2 3083 
# 1 3123 2 3084 
# 1 3124 2 3085 
# 1 3125 2 3086 
# 2 3088 1 3126 
# 2 3089 1 3127 
# 2 3090 1 3128 
# 2 3092 1 3129 
# 2 3093 1 3130 
# 2 3094 1 3132 
# 2 3096 1 3133 
# 2 3097 1 3134 
# 1 3136 2 3099 
# 1 3137 2 3100 
# 1 3138 2 3101 
# 1 3139 2 3102 
# 1 3140 2 3103 
# 2 3104 1 3141 
# 2 3105 1 3143 
# 2 3107 1 3144 
# 2 3108 1 3145 
# 2 3109 1 3146 
# 2 3110 1 3147 
# 2 3111 1 3148 
# 2 3114 1 3150 
# 1 3151 2 3116 
# 2 3121 1 3152 
# 2 3122 1 3153 
# 1 3154 2 3126 
# 1 3155 2 3127 
# 1 3156 2 3128 
# 1 3157 2 3131 
# 1 3158 2 3132 
# 2 3136 1 3159 
# 2 3139 1 3160 
