"commodity_id","commodity_text","location_id","location_text","location_lat","location_lon","page_id","document_id","pub_year","collection_id"
3714,"books",73670,"Detroit",42.33143,-83.04575,12382249,135915,1887,43
3666,"honey",174494,"Ris",48.6511,2.41406,12382252,135915,1887,43
3672,"gold",65117,"Canada",60.10867,-113.64258,12382254,135916,1887,43
3666,"honey",79466,"Holbrook",40.81232,-73.07844,12382264,135916,1887,43
3806,"seed",65071,"Windsor",-37.8548,144.99267,12382269,135916,1887,43
3631,"tallow",65117,"Canada",60.10867,-113.64258,12382270,135916,1887,43
3641,"tin",65117,"Canada",60.10867,-113.64258,12382270,135916,1887,43
3666,"honey",1900702,"Coopersville",43.06391,-85.93477,12382275,135917,1887,43
3688,"wheat",64742,"England",52.16045,-0.70312,12382281,135917,1887,43
3688,"wheat",64742,"England",52.16045,-0.70312,12382281,135917,1887,43
3666,"honey",64742,"England",52.16045,-0.70312,12382281,135917,1887,43
3653,"poultry",65117,"Canada",60.10867,-113.64258,12382291,135917,1887,43
3904,"pigeon",65117,"Canada",60.10867,-113.64258,12382291,135917,1887,43
3666,"honey",64735,"Cuba",22,-79.5,12382301,135918,1885,43
3832,"date",64788,"America",39.76,-98.5,12382306,135918,1885,43
3666,"honey",67873,"Hamilton",32.34222,-64.72833,12382308,135918,1885,43
3831,"maps",67309,"La",31.00047,-92.0004,12382310,135919,1887,43
3666,"honey",1900702,"Coopersville",43.06391,-85.93477,12382312,135919,1887,43
3692,"horse",65117,"Canada",60.10867,-113.64258,12382318,135919,1887,43
3666,"honey",65117,"Canada",60.10867,-113.64258,12382318,135919,1887,43
3666,"honey",65228,"Ohio",40.25034,-83.00018,12382329,135919,1887,43
3708,"sand",65798,"Chicago",41.85003,-87.65005,12382331,135920,1887,43
3672,"gold",65118,"United States",39.76,-98.5,12382352,135921,1887,43
3672,"gold",64742,"England",52.16045,-0.70312,12382352,135921,1887,43
3672,"gold",65159,"Germany",51.5,10.5,12382352,135921,1887,43
3666,"honey",68401,"Wel",-27.98644,26.70661,12382353,135921,1887,43
3714,"books",98418,"Shelburne",44.0787,-80.20408,12382357,135921,1887,43
3892,"fir",83610,"Tenn.",35.75035,-86.25027,12382367,135921,1887,43
3670,"iron",83610,"Tenn.",35.75035,-86.25027,12382367,135921,1887,43
3932,"steel",67893,"Shirley",52.41074,-1.81952,12382369,135921,1887,43
3641,"tin",98778,"N.H.",43.66702,-71.4998,12382373,135922,1887,43
3641,"tin",77831,"N. Y.",43.00035,-75.4999,12382373,135922,1887,43
3666,"honey",98778,"N.H.",43.66702,-71.4998,12382373,135922,1887,43
3666,"honey",77831,"N. Y.",43.00035,-75.4999,12382373,135922,1887,43
3666,"honey",98778,"N.H.",43.66702,-71.4998,12382373,135922,1887,43
3666,"honey",77831,"N. Y.",43.00035,-75.4999,12382373,135922,1887,43
3666,"honey",98778,"N.H.",43.66702,-71.4998,12382373,135922,1887,43
3666,"honey",77831,"N. Y.",43.00035,-75.4999,12382373,135922,1887,43
3672,"gold",64742,"England",52.16045,-0.70312,12382393,135923,1887,43
3831,"maps",67309,"La",31.00047,-92.0004,12382412,135924,1887,43
3672,"gold",65117,"Canada",60.10867,-113.64258,12382413,135924,1887,43
3672,"gold",65118,"United States",39.76,-98.5,12382413,135924,1887,43
3672,"gold",65159,"Germany",51.5,10.5,12382413,135924,1887,43
3961,"beet",78712,"Co.",39.00027,-105.50083,12382424,135924,1887,43
4377,"bronze",78712,"Co.",39.00027,-105.50083,12382424,135924,1887,43
3777,"glass",66661,"Toronto",43.70011,-79.4163,12382424,135924,1887,43
3666,"honey",66661,"Toronto",43.70011,-79.4163,12382424,135924,1887,43
4377,"bronze",66661,"Toronto",43.70011,-79.4163,12382424,135924,1887,43
3666,"honey",77855,"Brantford",43.1334,-80.26636,12382424,135924,1887,43
3831,"maps",67309,"La",31.00047,-92.0004,12382432,135925,1887,43
3666,"honey",96001,"Alford",53.25,0.18333,12382437,135925,1887,43
3641,"tin",75501,"Sre",-19.03332,-65.26274,12382448,135925,1887,43
3766,"machinery",80536,"Charlton",42.13565,-71.97007,12382456,135926,1887,43
3666,"honey",66661,"Toronto",43.70011,-79.4163,12382462,135926,1887,43
3666,"honey",66661,"Toronto",43.70011,-79.4163,12382463,135926,1887,43
3666,"honey",64930,"Ealing",51.51282,-0.3023,12382467,135926,1887,43
3831,"maps",67309,"La",31.00047,-92.0004,12382474,135927,1887,43
4000,"martin",85247,"Hartford",41.76371,-72.68509,12382478,135927,1887,43
4000,"martin",67850,"Dundee",56.5,-2.96667,12382478,135927,1887,43
3689,"oat",85247,"Hartford",41.76371,-72.68509,12382478,135927,1887,43
3689,"oat",67850,"Dundee",56.5,-2.96667,12382478,135927,1887,43
3629,"wood",66654,"Manitoba",55.00019,-97.00049,12382480,135927,1887,43
3666,"honey",64788,"America",39.76,-98.5,12382499,135928,1887,43
3648,"wax",65117,"Canada",60.10867,-113.64258,12382520,135929,1885,43
3648,"wax",65117,"Canada",60.10867,-113.64258,12382520,135929,1885,43
3614,"fruit",65118,"United States",39.76,-98.5,12382523,135929,1885,43
3666,"honey",65118,"United States",39.76,-98.5,12382523,135929,1885,43
3648,"wax",89735,"Lansing",42.73254,-84.55553,12382524,135929,1885,43
3778,"coal",65117,"Canada",60.10867,-113.64258,12382525,135929,1885,43
3779,"flowers",81561,"Mich.",44.25029,-85.50033,12382527,135929,1885,43
3666,"honey",81561,"Mich.",44.25029,-85.50033,12382527,135929,1885,43
3666,"honey",214458,"Ind",39.76838,-86.15804,12382550,135930,1887,43
3666,"honey",214458,"Ind",39.76838,-86.15804,12382550,135930,1887,43
3714,"books",214458,"Ind",39.76838,-86.15804,12382550,135930,1887,43
3831,"maps",67309,"La",31.00047,-92.0004,12382551,135931,1887,43
3779,"flowers",65151,"Australia",-25,135,12382562,135931,1887,43
3779,"flowers",65151,"Australia",-25,135,12382562,135931,1887,43
3666,"honey",66550,"Philadelphia",39.95234,-75.16379,12382566,135931,1887,43
3831,"maps",67309,"La",31.00047,-92.0004,12382572,135932,1887,43
3672,"gold",65117,"Canada",60.10867,-113.64258,12382573,135932,1887,43
3707,"straw",1487323,"Quinby",34.23654,-79.73451,12382578,135932,1887,43
3666,"honey",68435,"Medina",47.62093,-122.22762,12382590,135932,1887,43
3620,"trees",65159,"Germany",51.5,10.5,12382597,135933,1888,43
3831,"maps",117198,"Planches",48.7017,0.3699,12382612,135934,1888,43
3672,"gold",65118,"United States",39.76,-98.5,12382613,135934,1888,43
3666,"honey",65117,"Canada",60.10867,-113.64258,12382619,135934,1888,43
3759,"paper",65117,"Canada",60.10867,-113.64258,12382624,135934,1888,43
3759,"paper",81589,"Port Colborne",42.90012,-79.23288,12382631,135934,1888,43
3759,"paper",65117,"Canada",60.10867,-113.64258,12382631,135934,1888,43
3666,"honey",101131,"Ile",31.11712,-97.7278,12382638,135935,1888,43
3895,"zinc",69636,"Jones",35.56589,-97.28698,12382641,135935,1888,43
3666,"honey",65117,"Canada",60.10867,-113.64258,12382643,135935,1888,43
3832,"date",65117,"Canada",60.10867,-113.64258,12382643,135935,1888,43
3666,"honey",66660,"Ontario",49.25014,-84.49983,12382643,135935,1888,43
3666,"honey",64745,"Britain",54.75844,-2.69531,12382643,135935,1888,43
3666,"honey",66660,"Ontario",49.25014,-84.49983,12382643,135935,1888,43
3666,"honey",64745,"Britain",54.75844,-2.69531,12382643,135935,1888,43
3666,"honey",64742,"England",52.16045,-0.70312,12382643,135935,1888,43
3666,"honey",65316,"Manchester",53.48095,-2.23743,12382644,135935,1888,43
3666,"honey",64922,"Liverpool",53.41058,-2.97794,12382644,135935,1888,43
