> 1 synthdata_0
> 2 synthdata_1
# 2 656 1 1 
# 2 657 1 2 
# 2 658 1 3 
# 2 659 1 5 
# 2 660 1 6 
# 2 662 1 7 
# 2 663 1 8 
# 2 664 1 10 
# 2 665 1 11 
# 2 667 1 13 
# 1 15 2 668 
# 1 16 2 669 
# 1 17 2 671 
# 2 673 1 18 
# 2 675 1 19 
# 2 676 1 20 
# 2 677 1 21 
# 2 678 1 22 
# 2 680 1 23 
# 2 681 1 24 
# 1 25 2 685 
# 1 26 2 687 
# 2 688 1 27 
# 2 693 1 30 
# 1 32 2 695 
# 1 35 2 696 
# 1 36 2 698 
# 1 37 2 699 
# 1 38 2 701 
# 1 39 2 702 
# 1 40 2 703 
# 2 704 1 41 
# 2 705 1 42 
# 2 707 1 43 
# 2 709 1 44 
# 2 710 1 45 
# 2 712 1 46 
# 1 47 2 713 
# 1 48 2 715 
# 1 49 2 716 
# 1 50 2 717 
# 1 51 2 718 
# 1 53 2 719 
# 2 720 1 54 
# 2 722 1 55 
# 2 724 1 57 
# 2 725 1 58 
# 2 726 1 59 
# 2 727 1 60 
# 2 855 1 61 
# 2 856 1 62 
# 1 63 2 857 
# 1 64 2 859 
# 1 65 2 860 
# 1 67 2 862 
# 1 68 2 863 
# 2 864 1 69 
# 2 865 1 70 
# 2 866 1 71 
# 2 870 1 73 
# 2 871 1 76 
# 2 872 1 77 
# 1 80 2 874 
# 1 81 2 2600 
# 1 84 2 2601 
# 1 85 2 2602 
# 1 86 2 2603 
# 1 87 2 2604 
# 1 88 2 2605 
# 1 89 2 2606 
# 1 90 2 2607 
# 2 2608 1 91 
# 2 2609 1 92 
# 2 2610 1 93 
# 2 2611 1 94 
# 1 96 2 2612 
# 1 97 2 2613 
# 1 98 2 2614 
# 1 99 2 2615 
# 1 101 2 2616 
# 1 102 2 2618 
# 1 103 2 2619 
# 1 104 2 2621 
# 1 105 2 2622 
# 2 2624 1 107 
# 2 2625 1 108 
# 2 2626 1 109 
# 2 2627 1 110 
# 1 112 2 2629 
# 1 113 2 2630 
# 1 114 2 2631 
# 1 115 2 2632 
# 1 116 2 2633 
# 1 118 2 2634 
# 1 120 2 2635 
# 2 2636 1 123 
# 1 124 2 2638 
# 1 125 2 2639 
# 2 2641 1 126 
# 1 127 2 2643 
# 1 128 2 2644 
# 1 130 2 2645 
# 1 131 2 2646 
# 1 132 2 2647 
# 1 133 2 2648 
# 1 134 2 2574 
# 1 135 2 2575 
# 2 2576 1 136 
# 2 2577 1 137 
# 2 2578 1 138 
# 2 2579 1 139 
# 2 2582 1 140 
# 2 2583 1 142 
# 1 143 2 2584 
# 1 144 2 2585 
# 1 146 2 2586 
# 1 147 2 2587 
# 1 148 2 2588 
# 1 149 2 2589 
# 1 150 2 2590 
# 1 151 2 2591 
# 2 2592 1 153 
# 2 2593 1 154 
# 2 2595 1 155 
# 2 2598 1 157 
# 1 159 2 2504 
# 1 162 2 2505 
# 1 166 2 2508 
# 1 168 2 2511 
# 2 2513 1 170 
# 2 2514 1 171 
# 2 2515 1 174 
# 1 177 2 2516 
# 1 178 2 2517 
# 2 2520 1 184 
# 2 2521 1 188 
# 2 2522 1 189 
# 1 193 2 2523 
# 1 195 2 2524 
# 1 196 2 2526 
# 1 197 2 2527 
# 2 2528 1 199 
# 2 2529 1 200 
# 2 2530 1 203 
# 2 2531 1 205 
# 2 2191 1 206 
# 2 2192 1 207 
# 2 2193 1 208 
# 2 2194 1 209 
# 1 210 2 2197 
# 1 211 2 2200 
# 1 212 2 2205 
# 1 213 2 2207 
# 2 2209 1 214 
# 2 2212 1 217 
# 2 2214 1 218 
# 2 2215 1 219 
# 2 2217 1 220 
# 2 2220 1 221 
# 2 2221 1 222 
# 2 2224 1 223 
# 1 224 2 2226 
# 1 225 2 1078 
# 1 227 2 1079 
# 1 228 2 1080 
# 1 230 2 1081 
# 1 231 2 1082 
# 1 233 2 1083 
# 2 1084 1 236 
# 2 1085 1 237 
# 2 1086 1 238 
# 1 239 2 1087 
# 2 1088 1 241 
# 2 1089 1 242 
# 2 1090 1 243 
# 2 1091 1 244 
# 2 1092 1 246 
# 2 1093 1 247 
# 2 1094 1 249 
# 2 1096 1 251 
# 2 1097 1 253 
# 1 257 2 1098 
# 1 258 2 1099 
# 1 265 2 1100 
# 2 1187 1 266 
# 2 1189 1 267 
# 2 1191 1 269 
# 2 1192 1 270 
# 1 271 2 1193 
# 1 273 2 1194 
# 1 278 2 1195 
# 1 279 2 1196 
# 1 280 2 1198 
# 2 1200 1 281 
# 2 1201 1 283 
# 2 1202 1 284 
# 2 1205 1 285 
# 1 288 2 1206 
# 1 292 2 1208 
# 1 293 2 1209 
# 1 294 2 1210 
# 1 295 2 1211 
# 1 296 2 1212 
# 1 299 2 1213 
# 1 300 2 1214 
# 1 301 2 1215 
# 1 303 2 1217 
# 1 304 2 1218 
# 1 305 2 1219 
# 1 306 2 1220 
# 1 307 2 1221 
# 2 1222 1 309 
# 2 1223 1 310 
# 2 1224 1 311 
# 2 1225 1 312 
# 2 1226 1 316 
# 2 1227 1 317 
# 2 1228 1 318 
# 1 319 2 1229 
# 1 320 2 1230 
# 1 322 2 1231 
# 2 1232 1 323 
# 2 1237 1 327 
# 2 1238 1 328 
# 2 1239 1 329 
# 2 1240 1 330 
# 2 1243 1 333 
# 2 1244 1 334 
# 1 335 2 1245 
# 1 336 2 1246 
# 1 338 2 1247 
# 2 1248 1 339 
# 2 901 1 340 
# 2 902 1 341 
# 1 342 2 904 
# 1 343 2 907 
# 1 344 2 910 
# 1 345 2 911 
# 2 913 1 346 
# 2 915 1 348 
# 2 916 1 349 
# 1 351 2 918 
# 1 352 2 2110 
# 2 2112 1 354 
# 2 2113 1 356 
# 2 2114 1 357 
# 2 2115 1 359 
# 2 2118 1 363 
# 2 2120 1 364 
# 2 2121 1 366 
# 1 367 2 2122 
# 1 368 2 2123 
# 1 371 2 2124 
# 1 372 2 2125 
# 1 374 2 2126 
# 1 376 2 2127 
# 2 2128 1 377 
# 2 2129 1 379 
# 2 61 1 380 
# 1 387 2 63 
# 2 64 1 389 
# 2 65 1 391 
# 2 66 1 393 
# 2 67 1 398 
# 1 401 2 68 
# 2 69 1 404 
# 2 71 1 411 
# 2 483 1 414 
# 1 416 2 485 
# 1 417 2 486 
# 1 419 2 487 
# 1 420 2 489 
# 1 421 2 490 
# 1 422 2 491 
# 1 423 2 493 
# 1 424 2 494 
# 1 425 2 495 
# 2 496 1 427 
# 2 497 1 428 
# 2 498 1 429 
# 2 499 1 430 
# 1 432 2 500 
# 1 433 2 502 
# 1 434 2 1444 
# 1 435 2 1447 
# 1 436 2 1448 
# 1 437 2 1451 
# 1 438 2 1452 
# 1 439 2 1455 
# 2 1458 1 440 
# 2 1460 1 441 
# 2 1461 1 442 
# 2 1465 1 443 
# 2 1468 1 444 
# 2 1469 1 445 
# 2 1472 1 447 
# 1 448 2 1474 
# 1 449 2 1478 
# 1 450 2 1479 
# 1 451 2 1482 
# 1 452 2 1483 
# 1 453 2 1486 
# 2 1491 1 454 
# 2 1493 1 455 
# 1 458 2 2399 
# 2 2402 1 460 
# 2 2406 1 461 
# 2 2408 1 462 
# 1 463 2 2410 
# 1 464 2 2412 
# 2 2130 1 465 
# 2 2131 1 467 
# 2 2133 1 470 
# 2 2135 1 471 
# 2 2136 1 473 
# 2 2137 1 474 
# 2 2138 1 476 
# 2 2140 1 477 
# 1 479 2 2142 
# 1 481 2 2143 
# 2 2144 1 482 
# 2 2145 1 483 
# 2 2146 1 484 
# 2 2147 1 486 
# 2 2148 1 491 
# 2 2149 1 492 
# 1 496 2 2150 
# 1 498 2 2152 
# 1 499 2 2153 
# 1 501 2 2154 
# 1 502 2 2156 
# 1 503 2 2157 
# 1 506 2 2158 
# 1 507 2 2159 
# 2 2160 1 509 
# 1 511 2 2161 
# 2 2162 1 513 
# 2 2163 1 514 
# 2 2164 1 515 
# 2 2165 1 517 
# 2 2166 1 518 
# 2 2167 1 520 
# 2 2168 1 521 
# 2 2169 1 522 
# 2 2170 1 523 
# 2 2171 1 524 
# 2 2172 1 526 
# 1 527 2 2173 
# 1 529 2 2174 
# 2 2176 1 530 
# 2 2177 1 532 
# 2 2178 1 534 
# 2 2180 1 538 
# 2 2182 1 539 
# 2 2183 1 542 
# 1 545 2 2185 
# 1 546 2 2186 
# 1 547 2 2187 
# 1 551 2 2188 
# 1 552 2 2189 
# 2 1819 1 555 
# 2 1820 1 556 
# 2 1821 1 558 
# 1 560 2 1822 
# 1 562 2 1823 
# 2 1824 1 565 
# 2 1825 1 568 
# 2 1826 1 569 
# 2 1827 1 571 
# 1 575 2 1828 
# 1 577 2 1829 
# 2 1831 1 582 
# 2 1832 1 584 
# 2 1833 1 585 
# 2 1836 1 590 
# 1 592 2 1837 
# 1 594 2 1838 
# 1 596 2 1839 
# 2 1840 1 600 
# 2 379 1 603 
# 2 380 1 604 
# 2 381 1 605 
# 1 607 2 382 
# 1 610 2 383 
# 2 385 1 613 
# 2 386 1 614 
# 2 387 1 616 
# 2 388 1 617 
# 2 389 1 619 
# 2 390 1 620 
# 2 392 1 621 
# 1 623 2 393 
# 1 624 2 394 
# 1 626 2 395 
# 1 627 2 396 
# 1 629 2 397 
# 1 630 2 398 
# 1 634 2 399 
# 2 400 1 635 
# 1 639 2 401 
# 1 641 2 403 
# 1 644 2 2461 
# 2 2464 1 649 
# 2 2465 1 652 
# 2 2466 1 657 
# 2 2467 1 658 
# 2 2468 1 659 
# 2 2469 1 661 
# 2 2470 1 666 
# 2 2471 1 667 
# 2 2472 1 668 
# 1 673 2 2474 
# 1 674 2 2476 
# 1 682 2 2479 
# 2 2480 1 687 
# 2 2481 1 688 
# 2 2482 1 695 
# 2 2483 1 696 
# 1 703 2 2484 
# 1 706 2 2485 
# 2 2487 1 711 
# 2 2488 1 712 
# 2 2489 1 713 
# 2 2490 1 714 
# 1 723 2 2494 
# 1 725 2 2495 
# 2 2496 1 726 
# 2 2497 1 732 
# 2 2498 1 733 
# 2 2499 1 738 
# 2 2501 1 746 
# 2 2502 1 747 
# 2 2503 1 748 
# 2 786 1 749 
# 1 753 2 787 
# 1 754 2 788 
# 1 755 2 790 
# 1 756 2 791 
# 1 757 2 793 
# 1 758 2 794 
# 1 760 2 796 
# 2 797 1 764 
# 2 798 1 765 
# 2 800 1 766 
# 1 767 2 220 
# 1 768 2 221 
# 1 769 2 222 
# 1 771 2 223 
# 2 224 1 773 
# 2 225 1 775 
# 2 227 1 776 
# 2 228 1 777 
# 2 229 1 778 
# 2 230 1 779 
# 2 231 1 781 
# 2 232 1 782 
# 1 784 2 233 
# 1 785 2 234 
# 1 787 2 236 
# 1 789 2 237 
# 1 790 2 238 
# 1 791 2 459 
# 1 792 2 460 
# 1 793 2 461 
# 2 465 1 794 
# 2 466 1 795 
# 2 467 1 796 
# 2 468 1 797 
# 2 470 1 798 
# 1 799 2 471 
# 1 801 2 474 
# 1 802 2 475 
# 1 803 2 476 
# 1 804 2 477 
# 1 805 2 479 
# 2 480 1 806 
# 2 2533 1 807 
# 2 2534 1 808 
# 2 2535 1 809 
# 2 2537 1 811 
# 2 2538 1 812 
# 2 2540 1 813 
# 2 2541 1 814 
# 1 815 2 2542 
# 1 816 2 2543 
# 2 2544 1 818 
# 2 2545 1 819 
# 2 2546 1 820 
# 2 2547 1 821 
# 2 2548 1 823 
# 2 2549 1 824 
# 2 2550 1 826 
# 1 831 2 1607 
# 1 832 2 1608 
# 1 833 2 1609 
# 1 834 2 1611 
# 1 836 2 1613 
# 1 837 2 1614 
# 2 1617 1 838 
# 2 1619 1 839 
# 2 1621 1 840 
# 2 1622 1 841 
# 2 1623 1 843 
# 2 1626 1 846 
# 1 848 2 1628 
# 1 851 2 1631 
# 2 1632 1 852 
# 2 1634 1 853 
# 2 1635 1 854 
# 2 1637 1 855 
# 2 1495 1 856 
# 2 1497 1 858 
# 1 864 2 1500 
# 1 868 2 1501 
# 1 869 2 1502 
# 1 873 2 1503 
# 2 1505 1 876 
# 1 879 2 1506 
# 1 880 2 1507 
# 1 883 2 1509 
# 2 1510 1 885 
# 2 1511 1 888 
# 2 1512 1 891 
# 2 1513 1 892 
# 2 1514 1 894 
# 1 895 2 1515 
# 1 896 2 1516 
# 1 901 2 301 
# 1 904 2 302 
# 1 906 2 303 
# 2 304 1 910 
# 2 305 1 913 
# 2 306 1 915 
# 2 307 1 921 
# 2 308 1 923 
# 2 309 1 925 
# 1 928 2 310 
# 1 931 2 311 
# 2 967 1 934 
# 2 968 1 935 
# 2 969 1 936 
# 2 970 1 937 
# 1 938 2 972 
# 1 939 2 974 
# 1 940 2 975 
# 2 976 1 941 
# 2 978 1 942 
# 1 943 2 979 
# 1 944 2 980 
# 1 947 2 981 
# 1 948 2 982 
# 2 983 1 950 
# 2 984 1 951 
# 2 985 1 954 
# 2 986 1 955 
# 2 989 1 956 
# 2 992 1 957 
# 2 993 1 958 
# 1 960 2 996 
# 1 961 2 997 
# 1 962 2 998 
# 1 964 2 1000 
# 1 965 2 1001 
# 1 968 2 1002 
# 1 969 2 1004 
# 1 971 2 1006 
# 1 972 2 1007 
# 2 1009 1 973 
# 2 1010 1 974 
# 1 975 2 1011 
# 1 976 2 1012 
# 1 977 2 1014 
# 1 978 2 1015 
# 1 979 2 1016 
# 1 980 2 1018 
# 1 981 2 1019 
# 1 982 2 1020 
# 1 983 2 1022 
# 1 984 2 1023 
# 2 1024 1 986 
# 2 1025 1 987 
# 2 1027 1 988 
# 2 1029 1 989 
# 2 1030 1 990 
# 1 991 2 1031 
# 1 992 2 1034 
# 1 993 2 1035 
# 1 994 2 1037 
# 1 995 2 1038 
# 2 1040 1 996 
# 2 1042 1 997 
# 2 1043 1 998 
# 2 1047 1 999 
# 2 1048 1 1000 
# 2 1957 1 1001 
# 2 1958 1 1002 
# 2 1960 1 1003 
# 2 1961 1 1004 
# 2 1962 1 1005 
# 2 1963 1 1006 
# 1 1007 2 1964 
# 1 1008 2 1965 
# 1 1010 2 1966 
# 2 1968 1 1011 
# 2 1970 1 1012 
# 2 1971 1 1013 
# 2 1972 1 1014 
# 2 1973 1 1015 
# 2 1974 1 1017 
# 2 1975 1 1018 
# 2 1979 1 1019 
# 2 1980 1 1020 
# 2 1984 1 1021 
# 2 1987 1 1022 
# 1 1023 2 1423 
# 2 1424 1 1024 
# 2 1425 1 1025 
# 2 1426 1 1027 
# 2 1427 1 1028 
# 2 1429 1 1029 
# 2 1430 1 1030 
# 2 1432 1 1032 
# 2 1433 1 1033 
# 2 1434 1 1035 
# 2 1435 1 1036 
# 2 1436 1 1037 
# 2 1437 1 1038 
# 1 1039 2 1438 
# 1 1040 2 1439 
# 2 1440 1 1041 
# 2 1441 1 1042 
# 2 1442 1 1043 
# 2 1443 1 1044 
# 2 1841 1 1048 
# 2 1846 1 1049 
# 2 1848 1 1050 
# 2 1849 1 1051 
# 2 1850 1 1052 
# 2 1852 1 1053 
# 2 1854 1 1054 
# 2 1856 1 1055 
# 2 1857 1 1056 
# 2 1858 1 1057 
# 1 1058 2 1860 
# 1 1059 2 1861 
# 1 1060 2 1863 
# 1 1063 2 1866 
# 1 1064 2 1867 
# 1 1065 2 1869 
# 1 1066 2 1870 
# 2 1872 1 1069 
# 2 1873 1 1070 
# 1 1071 2 1874 
# 1 1072 2 1875 
# 1 1074 2 1876 
# 1 1075 2 1877 
# 2 1878 1 1077 
# 1 1078 2 1880 
# 1 1080 2 1883 
# 1 1082 2 1884 
# 1 1083 2 1885 
# 1 1084 2 1886 
# 2 759 1 1085 
# 2 762 1 1086 
# 1 1088 2 763 
# 1 1089 2 764 
# 1 1090 2 765 
# 1 1091 2 766 
# 1 1092 2 767 
# 2 768 1 1093 
# 2 771 1 1094 
# 2 772 1 1095 
# 2 774 1 1097 
# 2 776 1 1098 
# 2 777 1 1099 
# 2 778 1 1100 
# 2 779 1 1101 
# 2 780 1 1102 
# 1 1104 2 781 
# 1 1105 2 783 
# 2 784 1 1107 
# 2 785 1 1109 
# 2 1719 1 1110 
# 2 1720 1 1111 
# 2 1721 1 1112 
# 2 1722 1 1113 
# 2 1723 1 1114 
# 2 1724 1 1115 
# 2 1725 1 1116 
# 1 1117 2 1727 
# 2 1728 1 1118 
# 1 1119 2 1729 
# 1 1120 2 1730 
# 1 1121 2 1731 
# 2 1732 1 1124 
# 2 1733 1 1125 
# 2 1734 1 1126 
# 2 1735 1 1128 
# 2 1737 1 1129 
# 2 1739 1 1130 
# 2 1988 1 1132 
# 2 1989 1 1133 
# 2 1990 1 1134 
# 1 1135 2 1992 
# 1 1136 2 1994 
# 1 1137 2 1995 
# 1 1138 2 1997 
# 1 1139 2 1998 
# 2 2001 1 1140 
# 2 2002 1 1142 
# 2 2003 1 1144 
# 2 2004 1 1145 
# 2 2005 1 1146 
# 2 2006 1 1148 
# 2 2007 1 1149 
# 1 1151 2 2008 
# 1 1153 2 2010 
# 1 1154 2 2011 
# 1 1155 2 2012 
# 1 1158 2 2014 
# 1 1159 2 2015 
# 2 2016 1 1160 
# 2 2017 1 1161 
# 2 2020 1 1163 
# 2 2021 1 1164 
# 2 2023 1 1165 
# 2 2024 1 1166 
# 1 1167 2 2026 
# 1 1169 2 2663 
# 1 1171 2 2671 
# 2 2672 1 1172 
# 2 2678 1 1173 
# 2 2679 1 1174 
# 1 1175 2 2683 
# 1 1176 2 2687 
# 2 2692 1 1177 
# 2 2697 1 1179 
# 2 2698 1 1180 
# 2 2702 1 1181 
# 2 2703 1 1182 
# 1 1183 2 2705 
# 1 1184 2 2706 
# 1 1185 2 2709 
# 1 1186 2 2710 
# 1 1187 2 2714 
# 1 1188 2 2715 
# 2 2720 1 1190 
# 2 2725 1 1191 
# 2 2727 1 1192 
# 1 1193 2 2047 
# 2 2049 1 1194 
# 2 2050 1 1195 
# 2 2053 1 1196 
# 1 1199 2 2054 
# 1 1201 2 2056 
# 1 1202 2 2057 
# 1 1203 2 2059 
# 1 1204 2 2060 
# 1 1205 2 2061 
# 1 1207 2 2062 
# 1 1209 2 2063 
# 2 2064 1 1212 
# 2 2065 1 1214 
# 1 1215 2 2066 
# 1 1216 2 2067 
# 1 1217 2 2068 
# 1 1218 2 2069 
# 1 1219 2 2070 
# 1 1220 2 2071 
# 1 1221 2 2072 
# 1 1222 2 2073 
# 1 1223 2 2074 
# 2 2075 1 1226 
# 2 2076 1 1229 
# 1 1231 2 2077 
# 1 1232 2 588 
# 1 1233 2 589 
# 1 1234 2 590 
# 1 1235 2 591 
# 2 592 1 1236 
# 2 594 1 1238 
# 2 595 1 1239 
# 2 597 1 1240 
# 2 598 1 1241 
# 2 599 1 1242 
# 2 601 1 1243 
# 2 602 1 1245 
# 2 603 1 1246 
# 1 1247 2 604 
# 1 1248 2 605 
# 1 1249 2 606 
# 1 1250 2 607 
# 2 611 1 1251 
# 1 1252 2 615 
# 1 1253 2 619 
# 1 1255 2 621 
# 1 1256 2 622 
# 2 625 1 1260 
# 2 627 1 1261 
# 2 631 1 1262 
# 1 1265 2 636 
# 1 1266 2 637 
# 1 1268 2 2090 
# 1 1269 2 2092 
# 1 1270 2 2093 
# 1 1272 2 2094 
# 1 1273 2 2095 
# 2 2097 1 1274 
# 2 2099 1 1275 
# 2 2101 1 1276 
# 2 2103 1 1278 
# 1 1279 2 2104 
# 1 1282 2 2105 
# 1 1283 2 2106 
# 1 1284 2 2107 
# 1 1285 2 2109 
# 1 1286 2 185 
# 1 1287 2 186 
# 2 187 1 1290 
# 2 188 1 1291 
# 2 189 1 1292 
# 2 190 1 1294 
# 1 1295 2 191 
# 2 193 1 1296 
# 2 194 1 1297 
# 1 1299 2 197 
# 1 1300 2 198 
# 2 199 1 1302 
# 2 200 1 1303 
# 1 1304 2 202 
# 1 1305 2 203 
# 1 1306 2 204 
# 1 1307 2 205 
# 1 1308 2 206 
# 1 1309 2 207 
# 2 208 1 1310 
# 1 1311 2 210 
# 1 1312 2 212 
# 1 1314 2 213 
# 1 1316 2 215 
# 1 1317 2 216 
# 1 1318 2 217 
# 2 218 1 1322 
# 2 1324 1 1323 
# 2 1325 1 1325 
# 2 1326 1 1326 
# 1 1327 2 1327 
# 2 1328 1 1328 
# 2 1329 1 1330 
# 2 1330 1 1333 
# 2 1331 1 1334 
# 2 1332 1 1335 
# 2 1333 1 1337 
# 2 1334 1 1338 
# 2 1335 1 1339 
# 2 1336 1 1340 
# 1 1343 2 1337 
# 1 1344 2 1339 
# 1 1345 2 1340 
# 1 1347 2 1341 
# 1 1348 2 1342 
# 1 1351 2 1343 
# 2 1345 1 1355 
# 1 1365 2 1399 
# 1 1366 2 1400 
# 1 1367 2 1401 
# 2 1402 1 1369 
# 2 1403 1 1370 
# 2 1404 1 1372 
# 2 1405 1 1373 
# 1 1376 2 1406 
# 1 1378 2 1407 
# 2 1408 1 1381 
# 2 1409 1 1384 
# 2 1411 1 1386 
# 2 1412 1 1387 
# 2 1413 1 1389 
# 2 1414 1 1390 
# 1 1393 2 1415 
# 1 1394 2 1416 
# 1 1395 2 1417 
# 1 1398 2 1418 
# 1 1399 2 1419 
# 1 1402 2 1420 
# 2 919 1 1405 
# 1 1407 2 920 
# 1 1408 2 921 
# 1 1410 2 922 
# 1 1412 2 924 
# 1 1413 2 926 
# 1 1414 2 927 
# 2 929 1 1416 
# 2 931 1 1417 
# 2 932 1 1418 
# 2 933 1 1420 
# 2 934 1 1421 
# 2 936 1 1422 
# 1 1423 2 938 
# 1 1424 2 939 
# 1 1425 2 941 
# 1 1426 2 943 
# 2 2241 1 1428 
# 2 2244 1 1430 
# 2 2245 1 1431 
# 2 2246 1 1432 
# 2 2248 1 1433 
# 2 2249 1 1434 
# 2 2251 1 1437 
# 2 2252 1 1438 
# 1 1439 2 2253 
# 1 1440 2 2254 
# 2 2256 1 1441 
# 2 2257 1 1442 
# 2 2260 1 1443 
# 1 1444 2 2262 
# 1 1445 2 2263 
# 1 1446 2 2264 
# 1 1447 2 2265 
# 1 1448 2 2268 
# 1 1449 2 2269 
# 2 2272 1 1450 
# 2 2273 1 1451 
# 2 2275 1 1452 
# 2 523 1 1453 
# 1 1455 2 525 
# 1 1458 2 526 
# 1 1462 2 527 
# 2 528 1 1463 
# 2 529 1 1465 
# 2 531 1 1467 
# 2 532 1 1468 
# 1 1471 2 533 
# 1 1473 2 535 
# 1 1474 2 536 
# 1 1477 2 537 
# 1 1479 2 538 
# 1 1480 2 539 
# 1 1482 2 540 
# 1 1483 2 541 
# 1 1487 2 542 
# 1 1488 2 543 
# 2 544 1 1490 
# 2 546 1 1493 
# 2 548 1 1494 
# 2 549 1 1496 
# 2 1 1 1497 
# 2 3 1 1499 
# 2 4 1 1502 
# 1 1507 2 5 
# 1 1508 2 6 
# 2 7 1 1511 
# 2 8 1 1513 
# 2 9 1 1515 
# 2 10 1 1516 
# 1 1519 2 12 
# 1 1522 2 13 
# 1 1523 2 14 
# 1 1532 2 15 
# 2 16 1 1533 
# 2 17 1 1536 
# 2 19 1 1541 
# 2 20 1 1542 
# 2 21 1 1545 
# 2 23 1 1550 
# 1 1552 2 24 
# 1 1556 2 25 
# 1 1558 2 2415 
# 2 2416 1 1559 
# 2 2417 1 1563 
# 2 2420 1 1565 
# 2 2421 1 1566 
# 1 1567 2 2423 
# 1 1568 2 2424 
# 1 1569 2 2425 
# 1 1570 2 2426 
# 1 1571 2 2427 
# 1 1572 2 2428 
# 1 1573 2 2429 
# 1 1576 2 2431 
# 2 2432 1 1577 
# 2 2433 1 1578 
# 2 2435 1 1580 
# 2 2436 1 1581 
# 2 2437 1 1582 
# 1 1586 2 2438 
# 1 1587 2 2439 
# 1 1589 2 2440 
# 1 1590 2 2441 
# 1 1593 2 2443 
# 1 1594 2 2445 
# 1 1595 2 2446 
# 1 1597 2 2447 
# 2 2448 1 1598 
# 1 1599 2 2449 
# 1 1600 2 2450 
# 2 2451 1 1602 
# 2 2452 1 1604 
# 2 2453 1 1605 
# 2 2454 1 1607 
# 2 2455 1 1610 
# 2 2456 1 1611 
# 2 2457 1 1614 
# 1 1615 2 2459 
# 1 1617 2 26 
# 1 1619 2 27 
# 1 1620 2 28 
# 1 1621 2 29 
# 1 1622 2 30 
# 2 32 1 1623 
# 2 33 1 1624 
# 2 35 1 1625 
# 2 36 1 1626 
# 2 37 1 1627 
# 2 38 1 1628 
# 2 40 1 1629 
# 2 41 1 1630 
# 1 1631 2 43 
# 1 1632 2 44 
# 1 1633 2 47 
# 2 48 1 1634 
# 2 51 1 1635 
# 2 52 1 1636 
# 2 53 1 1637 
# 1 1638 2 56 
# 1 1639 2 57 
# 1 1640 2 58 
# 1 1641 2 1887 
# 1 1648 2 1891 
# 2 1892 1 1655 
# 2 1893 1 1656 
# 2 1894 1 1661 
# 2 1895 1 1662 
# 1 1666 2 1897 
# 1 1667 2 1898 
# 1 1669 2 1899 
# 1 1672 2 1900 
# 1 1673 2 1901 
# 1 1675 2 1902 
# 2 1903 1 1678 
# 2 1904 1 1679 
# 2 1907 1 1683 
# 2 1908 1 1685 
# 1 1695 2 1910 
# 1 1696 2 1911 
# 1 1698 2 1912 
# 1 1701 2 1913 
# 1 1702 2 1914 
# 2 1917 1 1708 
# 1 1712 2 1918 
# 2 1144 1 1720 
# 2 1145 1 1721 
# 2 1147 1 1723 
# 2 1149 1 1726 
# 1 1727 2 1150 
# 2 1152 1 1729 
# 2 1153 1 1730 
# 2 1154 1 1731 
# 2 1155 1 1733 
# 2 1157 1 1734 
# 2 1159 1 1738 
# 1 1744 2 1161 
# 1 1749 2 1164 
# 1 1750 2 313 
# 1 1751 2 314 
# 1 1752 2 315 
# 1 1753 2 316 
# 1 1754 2 317 
# 1 1755 2 318 
# 1 1756 2 319 
# 2 320 1 1757 
# 1 1759 2 321 
# 2 322 1 1761 
# 2 323 1 1762 
# 2 324 1 1764 
# 2 326 1 1765 
# 1 1767 2 329 
# 1 1768 2 331 
# 1 1770 2 332 
# 1 1771 2 333 
# 1 1775 2 334 
# 2 336 1 1776 
# 2 337 1 1777 
# 2 338 1 1779 
# 2 339 1 1780 
# 2 342 1 1782 
# 2 343 1 1783 
# 2 345 1 1786 
# 1 1787 2 349 
# 1 1788 2 350 
# 1 1789 2 351 
# 2 352 1 1790 
# 1 1791 2 353 
# 1 1792 2 354 
# 1 1793 2 355 
# 2 1520 1 1795 
# 2 1523 1 1796 
# 1 1797 2 1529 
# 1 1798 2 1531 
# 2 1536 1 1800 
# 2 1538 1 1801 
# 2 1543 1 1802 
# 2 1545 1 1803 
# 2 1550 1 1805 
# 2 1552 1 1806 
# 1 1807 2 1553 
# 1 1808 2 1554 
# 2 1555 1 1810 
# 2 1556 1 1811 
# 2 1557 1 1812 
# 2 1558 1 1813 
# 2 1559 1 1814 
# 2 1560 1 1815 
# 1 1816 2 1562 
# 1 1817 2 1564 
# 1 1819 2 1565 
# 1 1821 2 1567 
# 2 1569 1 1822 
# 1 1823 2 1571 
# 1 1826 2 356 
# 1 1827 2 357 
# 1 1828 2 358 
# 1 1829 2 359 
# 2 360 1 1831 
# 2 361 1 1832 
# 2 362 1 1833 
# 2 363 1 1835 
# 2 364 1 1836 
# 1 1839 2 365 
# 1 1841 2 366 
# 1 1845 2 367 
# 2 369 1 1847 
# 2 370 1 1849 
# 2 371 1 1850 
# 2 372 1 1852 
# 2 373 1 1853 
# 1 1855 2 374 
# 1 1857 2 376 
# 1 1858 2 377 
# 1 1860 2 378 
# 1 1861 2 2350 
# 2 2353 1 1863 
# 2 2355 1 1864 
# 2 2357 1 1865 
# 2 2360 1 1867 
# 2 2363 1 1868 
# 2 2365 1 1869 
# 2 2367 1 1870 
# 1 1871 2 2369 
# 1 1872 2 2370 
# 1 1873 2 1300 
# 2 1301 1 1878 
# 2 1302 1 1879 
# 2 1303 1 1882 
# 2 1304 1 1884 
# 1 1893 2 1306 
# 1 1894 2 1307 
# 1 1896 2 1308 
# 1 1903 2 1310 
# 1 1904 2 1311 
# 2 1312 1 1906 
# 2 1313 1 1908 
# 2 1315 1 1912 
# 2 1317 1 1917 
# 1 1924 2 1320 
# 1 1926 2 1321 
# 2 1322 1 1930 
# 2 1323 1 1931 
# 2 2028 1 1933 
# 1 1936 2 2029 
# 1 1938 2 2030 
# 1 1940 2 2031 
# 2 2032 1 1941 
# 2 2033 1 1943 
# 2 2034 1 1946 
# 2 2036 1 1947 
# 2 2037 1 1949 
# 2 2039 1 1950 
# 1 1951 2 2040 
# 1 1952 2 2041 
# 1 1954 2 2042 
# 1 1955 2 2043 
# 1 1961 2 2044 
# 1 1964 2 2046 
# 2 111 1 1966 
# 1 1967 2 113 
# 1 1968 2 114 
# 1 1969 2 116 
# 1 1970 2 117 
# 1 1971 2 118 
# 1 1973 2 121 
# 1 1974 2 123 
# 1 1975 2 126 
# 2 129 1 1976 
# 2 130 1 1977 
# 2 132 1 1978 
# 2 138 1 1980 
# 2 140 1 1981 
# 2 143 1 1982 
# 1 1984 2 146 
# 1 1985 2 147 
# 1 1987 2 152 
# 1 1988 2 153 
# 2 944 1 1989 
# 2 946 1 1990 
# 2 948 1 1991 
# 2 949 1 1992 
# 2 950 1 1995 
# 2 951 1 1996 
# 2 952 1 1997 
# 2 953 1 1998 
# 1 1999 2 954 
# 1 2000 2 956 
# 1 2001 2 957 
# 1 2002 2 959 
# 2 960 1 2003 
# 2 961 1 2004 
# 2 962 1 2006 
# 2 964 1 2008 
# 2 965 1 2010 
# 2 966 1 2012 
# 2 1810 1 2013 
# 2 1812 1 2020 
# 2 1814 1 2026 
# 2 1815 1 2029 
# 1 2034 2 1816 
# 1 2040 2 1818 
# 2 262 1 2046 
# 1 2047 2 265 
# 2 273 1 2048 
# 1 2049 2 276 
# 1 2050 2 278 
# 1 2051 2 281 
# 1 2052 2 282 
# 1 2053 2 284 
# 2 288 1 2054 
# 2 294 1 2055 
# 2 295 1 2056 
# 2 297 1 2057 
# 2 298 1 2058 
# 2 300 1 2059 
# 1 2060 2 239 
# 2 240 1 2062 
# 1 2063 2 241 
# 2 242 1 2065 
# 2 243 1 2070 
# 2 244 1 2073 
# 2 246 1 2075 
# 2 247 1 2077 
# 2 249 1 2078 
# 1 2080 2 250 
# 1 2087 2 254 
# 1 2088 2 255 
# 2 256 1 2091 
# 2 257 1 2092 
# 1 2095 2 258 
# 1 2096 2 259 
# 1 2098 2 260 
# 1 2100 2 1049 
# 1 2101 2 1050 
# 1 2102 2 1051 
# 1 2104 2 1052 
# 1 2106 2 1054 
# 2 1056 1 2107 
# 2 1057 1 2108 
# 2 1058 1 2109 
# 2 1059 1 2110 
# 1 2111 2 1060 
# 1 2112 2 1061 
# 1 2114 2 1062 
# 1 2115 2 1064 
# 1 2116 2 1065 
# 1 2117 2 1067 
# 1 2118 2 1069 
# 1 2119 2 1070 
# 2 1073 1 2120 
# 2 1075 1 2121 
# 2 1076 1 2122 
# 2 1077 1 2123 
# 2 2728 1 2124 
# 2 2729 1 2125 
# 2 2730 1 2126 
# 1 2127 2 2731 
# 1 2128 2 2732 
# 1 2129 2 2733 
# 1 2130 2 2734 
# 1 2131 2 2735 
# 2 2736 1 2133 
# 2 2737 1 2134 
# 2 2738 1 2135 
# 2 2739 1 2136 
# 2 2740 1 2137 
# 2 2741 1 2138 
# 2 2742 1 2139 
# 2 2743 1 2140 
# 2 2744 1 2141 
# 1 2143 2 2745 
# 1 2144 2 2746 
# 1 2145 2 2747 
# 1 2146 2 2748 
# 1 2147 2 2749 
# 1 2148 2 2750 
# 1 2149 2 2751 
# 1 2152 2 2330 
# 1 2153 2 2331 
# 1 2154 2 2332 
# 2 2333 1 2156 
# 2 2334 1 2157 
# 1 2159 2 2335 
# 2 2337 1 2162 
# 2 2338 1 2164 
# 2 2339 1 2165 
# 2 2340 1 2166 
# 2 2344 1 2168 
# 2 2345 1 2169 
# 2 2346 1 2170 
# 2 2347 1 2172 
# 2 2348 1 2174 
# 1 2175 2 2349 
# 2 640 1 2181 
# 2 641 1 2186 
# 2 642 1 2187 
# 2 643 1 2190 
# 2 644 1 2201 
# 2 645 1 2206 
# 1 2211 2 646 
# 2 648 1 2215 
# 2 649 1 2221 
# 2 650 1 2222 
# 1 2227 2 651 
# 1 2228 2 652 
# 1 2232 2 653 
# 1 2239 2 654 
# 1 2241 2 655 
# 1 2255 2 1101 
# 1 2256 2 1102 
# 1 2257 2 1103 
# 2 1105 1 2258 
# 2 1106 1 2259 
# 2 1107 1 2260 
# 2 1109 1 2261 
# 2 1110 1 2262 
# 2 1111 1 2263 
# 2 1112 1 2264 
# 2 1113 1 2265 
# 2 1114 1 2266 
# 2 1115 1 2267 
# 2 1116 1 2268 
# 2 1119 1 2270 
# 1 2271 2 1123 
# 1 2272 2 1124 
# 1 2273 2 1125 
# 1 2274 2 1126 
# 1 2275 2 1127 
# 1 2276 2 504 
# 1 2278 2 505 
# 1 2279 2 506 
# 1 2280 2 507 
# 1 2281 2 508 
# 1 2282 2 509 
# 2 510 1 2285 
# 2 511 1 2286 
# 2 512 1 2287 
# 2 513 1 2288 
# 2 514 1 2289 
# 2 515 1 2291 
# 2 516 1 2292 
# 1 2293 2 519 
# 2 520 1 2295 
# 2 521 1 2296 
# 2 522 1 2297 
# 2 72 1 2298 
# 2 73 1 2299 
# 1 2300 2 78 
# 2 81 1 2301 
# 2 82 1 2302 
# 1 2303 2 83 
# 1 2305 2 85 
# 1 2306 2 86 
# 1 2307 2 88 
# 1 2308 2 89 
# 1 2309 2 91 
# 1 2310 2 92 
# 1 2311 2 93 
# 1 2312 2 94 
# 2 97 1 2313 
# 2 98 1 2314 
# 2 101 1 2315 
# 2 103 1 2316 
# 2 106 1 2317 
# 1 2319 2 1572 
# 1 2321 2 1576 
# 1 2322 2 1577 
# 1 2323 2 1579 
# 1 2324 2 1580 
# 1 2326 2 1582 
# 2 1584 1 2327 
# 2 1586 1 2328 
# 2 1587 1 2329 
# 2 1589 1 2330 
# 2 1590 1 2331 
# 2 1591 1 2332 
# 2 1594 1 2333 
# 2 1595 1 2334 
# 1 2335 2 1597 
# 1 2336 2 1598 
# 2 1600 1 2337 
# 2 1601 1 2339 
# 2 1602 1 2340 
# 2 1603 1 2341 
# 2 1604 1 2342 
# 2 1605 1 2343 
# 2 1606 1 2345 
# 2 821 1 2346 
# 2 822 1 2347 
# 2 823 1 2348 
# 2 825 1 2349 
# 2 826 1 2350 
# 1 2351 2 829 
# 1 2352 2 831 
# 2 832 1 2353 
# 2 833 1 2354 
# 2 835 1 2355 
# 2 838 1 2357 
# 2 839 1 2358 
# 2 840 1 2360 
# 2 842 1 2361 
# 2 843 1 2362 
# 2 845 1 2364 
# 2 846 1 2365 
# 2 849 1 2366 
# 1 2367 2 850 
# 1 2368 2 728 
# 1 2370 2 729 
# 1 2372 2 731 
# 1 2373 2 733 
# 1 2374 2 734 
# 1 2375 2 735 
# 2 737 1 2376 
# 2 740 1 2378 
# 2 741 1 2379 
# 2 742 1 2381 
# 2 743 1 2382 
# 1 2383 2 745 
# 1 2384 2 746 
# 1 2386 2 748 
# 1 2387 2 749 
# 1 2388 2 750 
# 2 752 1 2389 
# 2 754 1 2390 
# 2 756 1 2391 
# 2 758 1 2392 
# 1 2393 2 875 
# 2 876 1 2395 
# 2 877 1 2396 
# 1 2399 2 878 
# 1 2400 2 879 
# 2 881 1 2402 
# 2 882 1 2403 
# 2 883 1 2405 
# 2 884 1 2406 
# 2 885 1 2409 
# 2 888 1 2411 
# 2 889 1 2413 
# 2 890 1 2414 
# 1 2417 2 891 
# 1 2418 2 892 
# 1 2419 2 894 
# 1 2420 2 895 
# 2 897 1 2421 
# 2 898 1 2422 
# 2 899 1 2423 
# 2 900 1 2424 
# 1 2426 2 2079 
# 2 2080 1 2428 
# 2 2081 1 2429 
# 1 2431 2 2082 
# 1 2433 2 2083 
# 2 2084 1 2435 
# 2 2085 1 2437 
# 2 2086 1 2439 
# 2 2088 1 2443 
# 2 2089 1 2446 
# 2 1920 1 2448 
# 2 1921 1 2449 
# 2 1922 1 2451 
# 2 1924 1 2452 
# 2 1925 1 2454 
# 2 1926 1 2455 
# 2 1927 1 2456 
# 2 1928 1 2458 
# 2 1929 1 2459 
# 2 1930 1 2460 
# 1 2463 2 1931 
# 1 2465 2 1932 
# 1 2466 2 1933 
# 1 2467 2 1934 
# 1 2468 2 1935 
# 2 1936 1 2470 
# 2 1937 1 2471 
# 2 1938 1 2475 
# 2 1939 1 2478 
# 1 2479 2 1940 
# 1 2482 2 1941 
# 1 2484 2 2553 
# 1 2485 2 2554 
# 1 2486 2 2555 
# 1 2488 2 2556 
# 1 2489 2 2557 
# 1 2491 2 2559 
# 2 2560 1 2492 
# 2 2561 1 2493 
# 2 2562 1 2494 
# 1 2495 2 2563 
# 1 2496 2 2564 
# 1 2497 2 2565 
# 1 2498 2 2566 
# 1 2499 2 2568 
# 1 2501 2 2569 
# 1 2502 2 2570 
# 1 2504 2 2571 
# 1 2505 2 2573 
# 2 2752 1 2506 
# 1 2511 2 2753 
# 2 2754 1 2516 
# 2 2755 1 2518 
# 2 2756 1 2520 
# 2 2757 1 2523 
# 2 2759 1 2525 
# 1 2530 2 2760 
# 2 2761 1 2539 
# 1 2544 2 2762 
# 1 2545 2 2763 
# 1 2548 2 2764 
# 1 2551 2 2765 
# 1 2555 2 2767 
# 1 2559 2 801 
# 2 802 1 2566 
# 2 804 1 2570 
# 1 2575 2 805 
# 1 2577 2 806 
# 2 807 1 2582 
# 2 808 1 2587 
# 1 2597 2 809 
# 2 810 1 2603 
# 1 2608 2 812 
# 1 2612 2 815 
# 2 817 1 2617 
# 2 818 1 2619 
# 2 819 1 2621 
# 2 820 1 2628 
# 2 1697 1 2629 
# 2 1698 1 2630 
# 2 1699 1 2631 
# 2 1700 1 2632 
# 2 1701 1 2633 
# 2 1702 1 2634 
# 2 1703 1 2635 
# 2 1704 1 2636 
# 2 1705 1 2637 
# 1 2641 2 1709 
# 1 2642 2 1710 
# 1 2644 2 1711 
# 2 1712 1 2646 
# 2 1714 1 2647 
# 2 1715 1 2648 
# 2 1717 1 2650 
# 2 1718 1 2651 
# 2 1942 1 2652 
# 2 1943 1 2654 
# 1 2656 2 1945 
# 1 2658 2 1947 
# 1 2662 2 1948 
# 1 2664 2 1949 
# 1 2668 2 1951 
# 2 1953 1 2670 
# 1 2671 2 1954 
# 1 2673 2 1955 
# 1 2674 2 1956 
# 1 2676 2 447 
# 2 448 1 2678 
# 2 449 1 2680 
# 2 450 1 2681 
# 2 451 1 2683 
# 2 452 1 2685 
# 1 2687 2 453 
# 1 2690 2 455 
# 1 2692 2 456 
# 1 2695 2 458 
# 2 1763 1 2699 
# 2 1765 1 2700 
# 2 1766 1 2701 
# 2 1768 1 2702 
# 1 2704 2 1769 
# 1 2705 2 1770 
# 1 2706 2 1771 
# 1 2707 2 1772 
# 1 2708 2 1773 
# 1 2709 2 1774 
# 1 2710 2 1775 
# 2 1777 1 2712 
# 2 1778 1 2713 
# 2 1781 1 2716 
# 2 1783 1 2717 
# 2 1784 1 2718 
# 1 2720 2 1785 
# 1 2721 2 2649 
# 1 2723 2 2650 
# 1 2725 2 2651 
# 1 2726 2 2652 
# 1 2730 2 2653 
# 2 2654 1 2733 
# 1 2735 2 2655 
# 2 2656 1 2737 
# 2 2657 1 2739 
# 2 2658 1 2741 
# 2 1347 1 2744 
# 2 1348 1 2745 
# 2 1350 1 2746 
# 2 1351 1 2747 
# 2 1352 1 2748 
# 2 1353 1 2749 
# 1 2752 2 1355 
# 1 2753 2 1356 
# 1 2755 2 1358 
# 2 1360 1 2757 
# 2 1361 1 2758 
# 2 1362 1 2759 
# 2 1363 1 2760 
# 2 1364 1 2761 
# 2 1365 1 2762 
# 2 1366 1 2764 
# 2 1367 1 2766 
# 1 2767 2 1368 
# 1 2770 2 1370 
# 1 2772 2 1371 
# 1 2774 2 1372 
# 1 2775 2 1373 
# 1 2776 2 1741 
# 1 2777 2 1742 
# 2 1745 1 2778 
# 2 1746 1 2779 
# 2 1747 1 2780 
# 2 1750 1 2782 
# 1 2783 2 1753 
# 1 2784 2 1755 
# 1 2785 2 1757 
# 1 2786 2 1759 
# 2 1760 1 2787 
# 2 1249 1 2788 
# 2 1250 1 2789 
# 2 1251 1 2790 
# 2 1252 1 2791 
# 2 1253 1 2793 
# 2 1254 1 2794 
# 2 1255 1 2795 
# 2 1256 1 2796 
# 2 1257 1 2797 
# 2 1258 1 2798 
# 1 2800 2 1259 
# 1 2803 2 1260 
# 1 2804 2 1261 
# 2 1264 1 2805 
# 2 1265 1 2806 
# 2 1267 1 2808 
# 2 1268 1 2809 
# 2 1269 1 2810 
# 2 1270 1 2811 
# 2 155 1 2812 
# 2 156 1 2814 
# 1 2815 2 157 
# 1 2816 2 158 
# 1 2818 2 159 
# 2 160 1 2821 
# 2 161 1 2825 
# 2 162 1 2826 
# 2 163 1 2829 
# 1 2832 2 164 
# 1 2833 2 165 
# 1 2835 2 167 
# 2 168 1 2839 
# 2 169 1 2846 
# 1 2848 2 170 
# 1 2850 2 171 
# 1 2851 2 172 
# 1 2852 2 174 
# 1 2853 2 175 
# 2 176 1 2854 
# 2 177 1 2856 
# 2 178 1 2858 
# 2 181 1 2859 
# 2 182 1 2860 
# 2 183 1 2861 
# 2 184 1 2862 
# 1 2863 2 2372 
# 1 2866 2 2373 
# 1 2868 2 2374 
# 2 2376 1 2872 
# 2 2377 1 2874 
# 2 2379 1 2878 
# 1 2879 2 2380 
# 1 2881 2 2381 
# 1 2882 2 2382 
# 1 2884 2 2383 
# 2 2384 1 2885 
# 2 2385 1 2887 
# 2 2386 1 2889 
# 2 2387 1 2890 
# 2 2388 1 2891 
# 1 2895 2 2390 
# 1 2896 2 2391 
# 1 2899 2 2392 
# 1 2900 2 2393 
# 1 2903 2 2394 
# 1 2904 2 1786 
# 2 1787 1 2906 
# 2 1788 1 2907 
# 2 1789 1 2908 
# 2 1790 1 2909 
# 1 2911 2 1791 
# 2 1792 1 2912 
# 2 1793 1 2913 
# 2 1795 1 2914 
# 1 2916 2 1798 
# 1 2917 2 1799 
# 1 2918 2 1800 
# 1 2919 2 1802 
# 1 2920 2 1803 
# 1 2921 2 1804 
# 1 2923 2 1805 
# 2 1806 1 2925 
# 2 1807 1 2926 
# 2 1808 1 2929 
# 2 1809 1 2931 
# 2 405 1 2932 
# 2 407 1 2934 
# 2 408 1 2936 
# 2 410 1 2941 
# 1 2944 2 411 
# 1 2945 2 412 
# 1 2946 2 413 
# 1 2948 2 414 
# 1 2949 2 415 
# 2 416 1 2950 
# 2 417 1 2952 
# 2 418 1 2954 
# 2 419 1 2955 
# 2 420 1 2956 
# 2 421 1 2957 
# 1 2960 2 422 
# 1 2961 2 423 
# 1 2963 2 424 
# 1 2965 2 425 
# 1 2969 2 428 
# 1 2972 2 430 
# 2 432 1 2973 
# 2 433 1 2974 
# 2 434 1 2977 
# 2 436 1 2979 
# 2 437 1 2984 
# 2 438 1 2986 
# 2 439 1 2987 
# 2 440 1 2988 
# 2 441 1 2990 
# 1 2992 2 442 
# 1 2993 2 443 
# 1 2997 2 445 
# 1 3002 2 446 
# 2 1273 1 3005 
# 2 1275 1 3006 
# 1 3007 2 1277 
# 2 1281 1 3008 
# 1 3009 2 1285 
# 1 3010 2 1291 
# 1 3011 2 1294 
# 2 1297 1 3012 
# 1 3013 2 1165 
# 1 3014 2 1166 
# 2 1168 1 3015 
# 2 1169 1 3016 
# 2 1170 1 3018 
# 2 1171 1 3019 
# 2 1173 1 3021 
# 1 3024 2 1174 
# 1 3025 2 1176 
# 1 3026 2 1177 
# 1 3027 2 1178 
# 1 3028 2 1179 
# 1 3029 2 1181 
# 1 3030 2 1182 
# 1 3031 2 1183 
# 2 1184 1 3032 
# 2 1185 1 3036 
# 2 1186 1 3038 
# 1 3039 2 2228 
# 1 3042 2 2229 
# 2 2230 1 3045 
# 2 2231 1 3047 
# 2 2232 1 3050 
# 2 2233 1 3052 
# 2 2234 1 3054 
# 1 3061 2 2236 
# 1 3064 2 2237 
# 1 3069 2 2239 
# 2 2240 1 3071 
# 2 1667 1 3074 
# 2 1668 1 3076 
# 2 1669 1 3077 
# 2 1670 1 3078 
# 2 1671 1 3079 
# 2 1674 1 3081 
# 2 1675 1 3082 
# 2 1676 1 3083 
# 2 1677 1 3084 
# 2 1678 1 3085 
# 2 1679 1 3086 
# 2 1680 1 3088 
# 2 1681 1 3089 
# 2 1682 1 3090 
# 2 1683 1 3091 
# 2 1684 1 3092 
# 2 1685 1 3093 
# 2 1687 1 3094 
# 2 1688 1 3095 
# 1 3096 2 1690 
# 2 1691 1 3098 
# 2 1692 1 3100 
# 2 1693 1 3102 
# 1 3106 2 1694 
# 1 3107 2 1695 
# 2 2276 1 3108 
# 2 2277 1 3109 
# 2 2278 1 3112 
# 2 2279 1 3114 
# 2 2280 1 3115 
# 2 2281 1 3116 
# 1 3119 2 2282 
# 1 3120 2 2283 
# 1 3122 2 2284 
# 1 3123 2 2285 
# 1 3124 2 2286 
# 1 3125 2 2287 
# 2 2288 1 3127 
# 2 2289 1 3128 
# 2 2290 1 3129 
# 2 2291 1 3131 
# 2 2292 1 3134 
# 1 3135 2 2294 
# 1 3138 2 2295 
# 1 3139 2 2296 
# 1 3140 2 2297 
# 1 3141 2 2298 
# 1 3145 2 2300 
# 1 3146 2 2301 
# 1 3147 2 2302 
# 1 3153 2 2303 
# 2 2304 1 3154 
# 2 2305 1 3155 
# 2 2306 1 3156 
# 2 2308 1 3160 
# 2 2309 1 3162 
# 2 2310 1 3165 
# 2 2311 1 3166 
# 1 3173 2 2313 
# 1 3175 2 2314 
# 1 3176 2 2315 
# 1 3177 2 2316 
# 2 2317 1 3181 
# 1 3183 2 2318 
# 1 3185 2 2319 
# 2 2320 1 3186 
# 2 2321 1 3187 
# 2 2322 1 3193 
# 2 2323 1 3194 
# 2 2324 1 3195 
# 2 2325 1 3196 
# 1 3200 2 2326 
# 1 3201 2 2327 
# 1 3202 2 2328 
# 1 3203 2 1374 
# 1 3204 2 1375 
# 2 1376 1 3205 
# 2 1378 1 3206 
# 2 1380 1 3207 
# 2 1381 1 3208 
# 2 1382 1 3209 
# 2 1383 1 3210 
# 2 1386 1 3211 
# 2 1387 1 3212 
# 2 1388 1 3213 
# 2 1390 1 3214 
# 2 1392 1 3215 
# 2 1393 1 3217 
# 2 1394 1 3219 
# 2 1395 1 3220 
# 2 1398 1 3222 
# 2 1129 1 3225 
# 2 1130 1 3228 
# 1 3231 2 1131 
# 1 3232 2 1132 
# 2 1136 1 3242 
# 2 1137 1 3246 
# 2 1140 1 3252 
# 2 1141 1 3256 
# 1 3266 2 550 
# 1 3267 2 551 
# 2 554 1 3274 
# 2 555 1 3276 
# 2 556 1 3277 
# 1 3285 2 558 
# 2 560 1 3287 
# 2 561 1 3288 
# 2 562 1 3292 
# 1 3295 2 565 
# 1 3296 2 566 
# 2 569 1 3304 
# 2 570 1 3305 
# 2 571 1 3306 
# 2 572 1 3310 
# 1 3311 2 573 
# 1 3312 2 574 
# 1 3317 2 575 
# 2 576 1 3318 
# 2 577 1 3319 
# 2 578 1 3320 
# 2 579 1 3325 
# 1 3327 2 581 
# 1 3328 2 582 
# 1 3332 2 583 
# 1 3333 2 584 
# 1 3335 2 585 
# 2 1638 1 3340 
# 2 1641 1 3342 
# 1 3343 2 1642 
# 1 3345 2 1645 
# 1 3346 2 1647 
# 2 1652 1 3348 
# 2 1654 1 3349 
# 1 3350 2 1656 
# 1 3351 2 1659 
# 1 3353 2 1661 
# 1 3354 2 1662 
# 1 3355 2 1663 
# 2 1666 1 3356 
