> 1 synthdata_0
> 2 synthdata_1
# 1 1 2 2184 
# 1 2 2 2185 
# 1 3 2 2188 
# 1 4 2 2189 
# 1 5 2 2191 
# 2 2192 1 6 
# 2 2193 1 7 
# 2 2195 1 8 
# 2 2196 1 9 
# 2 2197 1 11 
# 2 2199 1 12 
# 2 2200 1 13 
# 2 2202 1 14 
# 1 15 2 2204 
# 1 16 2 2207 
# 2 2209 1 18 
# 2 2210 1 19 
# 2 2212 1 20 
# 1 21 2 2215 
# 1 23 2 2218 
# 1 24 2 2220 
# 1 25 2 2221 
# 1 26 2 2223 
# 2 1320 1 27 
# 2 1324 1 29 
# 1 32 2 1325 
# 1 33 2 1326 
# 1 34 2 1327 
# 2 1330 1 36 
# 2 1332 1 37 
# 2 1333 1 38 
# 2 1334 1 39 
# 2 1335 1 40 
# 2 1336 1 41 
# 2 1337 1 42 
# 2 1338 1 43 
# 2 1340 1 44 
# 2 1342 1 45 
# 2 343 1 46 
# 2 345 1 58 
# 1 64 2 347 
# 1 67 2 348 
# 1 70 2 349 
# 1 87 2 351 
# 2 352 1 88 
# 2 354 1 98 
# 2 355 1 101 
# 2 356 1 109 
# 1 114 2 2040 
# 1 115 2 2041 
# 1 116 2 2042 
# 1 117 2 2043 
# 1 118 2 2044 
# 1 119 2 2045 
# 1 120 2 2046 
# 1 121 2 2047 
# 2 2048 1 122 
# 2 2049 1 123 
# 2 2050 1 124 
# 2 2051 1 125 
# 2 2052 1 126 
# 1 127 2 2053 
# 1 129 2 2054 
# 1 130 2 2055 
# 1 131 2 2056 
# 1 132 2 2057 
# 1 133 2 2058 
# 1 138 2 2061 
# 2 3050 1 139 
# 2 3051 1 140 
# 2 3053 1 141 
# 1 143 2 3055 
# 2 3056 1 145 
# 2 3058 1 147 
# 2 3059 1 148 
# 2 3060 1 149 
# 2 3062 1 151 
# 2 3064 1 153 
# 2 3066 1 154 
# 1 162 2 3071 
# 1 164 2 2590 
# 2 2592 1 165 
# 2 2594 1 166 
# 2 2596 1 167 
# 2 2597 1 168 
# 2 2600 1 170 
# 2 2602 1 172 
# 2 2603 1 173 
# 2 2604 1 174 
# 1 176 2 2606 
# 1 177 2 2607 
# 2 2608 1 179 
# 2 2609 1 180 
# 2 2610 1 181 
# 2 2611 1 182 
# 2 2612 1 183 
# 2 2340 1 184 
# 2 2341 1 185 
# 2 2344 1 186 
# 2 2345 1 187 
# 2 2347 1 188 
# 2 2348 1 189 
# 2 2349 1 190 
# 1 191 2 2350 
# 1 192 2 2351 
# 2 2352 1 194 
# 2 2353 1 195 
# 2 2354 1 196 
# 2 2358 1 200 
# 2 2359 1 201 
# 2 2360 1 202 
# 2 2361 1 203 
# 2 2362 1 204 
# 2 2363 1 205 
# 2 2364 1 206 
# 1 207 2 2365 
# 1 208 2 2366 
# 1 209 2 2367 
# 2 2368 1 210 
# 2 2369 1 211 
# 2 2370 1 212 
# 2 2371 1 213 
# 2 2373 1 214 
# 2 2375 1 215 
# 2 2376 1 216 
# 2 2377 1 217 
# 2 2378 1 218 
# 2 2379 1 219 
# 2 2380 1 220 
# 2 2382 1 221 
# 2 2383 1 222 
# 2 2384 1 223 
# 2 2385 1 224 
# 2 2386 1 225 
# 2 2387 1 226 
# 2 2388 1 227 
# 2 2389 1 229 
# 2 2390 1 230 
# 1 231 2 2394 
# 1 232 2 2395 
# 2 2400 1 233 
# 2 2401 1 235 
# 2 2403 1 237 
# 2 2406 1 238 
# 1 239 2 2407 
# 1 240 2 2408 
# 1 241 2 2409 
# 1 242 2 2411 
# 1 243 2 2412 
# 2 2416 1 245 
# 2 1521 1 248 
# 2 1522 1 251 
# 2 1523 1 253 
# 1 255 2 1524 
# 1 256 2 1525 
# 1 258 2 1526 
# 1 271 2 1528 
# 1 274 2 1529 
# 1 278 2 1530 
# 2 2566 1 281 
# 2 2567 1 282 
# 2 2568 1 283 
# 2 2569 1 285 
# 2 2571 1 286 
# 1 287 2 2572 
# 1 289 2 2573 
# 1 290 2 2574 
# 2 2576 1 291 
# 2 2577 1 292 
# 2 2578 1 293 
# 2 2579 1 294 
# 2 2580 1 295 
# 2 2581 1 296 
# 2 2584 1 297 
# 2 2585 1 298 
# 2 2586 1 299 
# 2 2589 1 302 
# 1 303 2 1 
# 1 304 2 2 
# 2 3 1 306 
# 2 4 1 308 
# 2 5 1 309 
# 2 6 1 312 
# 2 7 1 313 
# 2 8 1 314 
# 2 9 1 315 
# 2 10 1 317 
# 2 11 1 318 
# 1 319 2 12 
# 1 321 2 13 
# 1 324 2 14 
# 1 325 2 15 
# 2 16 1 326 
# 2 17 1 327 
# 2 18 1 330 
# 2 19 1 331 
# 2 20 1 332 
# 2 21 1 333 
# 2 22 1 334 
# 1 336 2 23 
# 1 337 2 25 
# 1 339 2 27 
# 1 340 2 1609 
# 1 341 2 1610 
# 1 342 2 1613 
# 1 344 2 1615 
# 2 1616 1 345 
# 2 1621 1 346 
# 2 1626 1 348 
# 2 1627 1 349 
# 1 351 2 1629 
# 2 1632 1 352 
# 2 1634 1 354 
# 2 1636 1 355 
# 2 1637 1 356 
# 2 1639 1 360 
# 2 1641 1 361 
# 2 1642 1 362 
# 1 363 2 1646 
# 2 357 1 366 
# 1 368 2 359 
# 1 370 2 360 
# 1 371 2 361 
# 1 372 2 362 
# 1 374 2 363 
# 1 376 2 364 
# 1 378 2 365 
# 1 379 2 367 
# 2 368 1 380 
# 2 370 1 381 
# 1 383 2 371 
# 1 384 2 372 
# 1 386 2 373 
# 1 387 2 374 
# 2 376 1 391 
# 2 377 1 393 
# 2 379 1 394 
# 2 380 1 397 
# 2 1832 1 398 
# 1 401 2 1834 
# 1 402 2 1835 
# 1 407 2 1836 
# 1 408 2 1838 
# 1 411 2 1839 
# 2 1840 1 412 
# 2 1841 1 413 
# 2 1843 1 418 
# 2 1845 1 422 
# 2 1846 1 423 
# 2 1847 1 424 
# 2 1848 1 430 
# 1 435 2 1849 
# 1 436 2 1850 
# 2 1852 1 443 
# 2 1854 1 445 
# 2 1855 1 446 
# 2 1856 1 450 
# 2 1857 1 451 
# 2 1858 1 452 
# 2 1859 1 456 
# 2 1862 1 458 
# 1 465 2 1863 
# 1 466 2 1864 
# 1 472 2 1866 
# 1 481 2 2294 
# 1 482 2 2295 
# 1 484 2 2296 
# 1 486 2 2297 
# 2 2300 1 491 
# 2 2301 1 493 
# 2 2304 1 498 
# 2 596 1 500 
# 2 597 1 501 
# 2 599 1 503 
# 2 600 1 504 
# 2 601 1 505 
# 2 602 1 506 
# 2 603 1 507 
# 2 604 1 508 
# 2 605 1 509 
# 2 606 1 510 
# 1 511 2 607 
# 2 608 1 512 
# 2 609 1 513 
# 2 610 1 514 
# 2 611 1 515 
# 2 612 1 516 
# 2 614 1 517 
# 2 615 1 518 
# 2 616 1 519 
# 2 617 1 520 
# 1 521 2 620 
# 1 522 2 622 
# 1 523 2 623 
# 2 624 1 525 
# 2 626 1 526 
# 1 527 2 627 
# 1 528 2 629 
# 1 529 2 630 
# 1 530 2 632 
# 1 531 2 633 
# 1 532 2 634 
# 1 535 2 635 
# 1 536 2 636 
# 1 537 2 637 
# 1 538 2 638 
# 1 539 2 639 
# 2 640 1 540 
# 2 641 1 541 
# 2 643 1 542 
# 1 543 2 644 
# 1 545 2 645 
# 1 547 2 646 
# 1 548 2 647 
# 1 549 2 648 
# 2 649 1 552 
# 2 650 1 553 
# 2 651 1 554 
# 2 652 1 555 
# 2 653 1 556 
# 2 654 1 557 
# 2 656 1 559 
# 2 657 1 560 
# 1 561 2 917 
# 1 562 2 918 
# 1 563 2 920 
# 2 921 1 568 
# 2 922 1 569 
# 1 570 2 924 
# 1 571 2 925 
# 1 572 2 926 
# 1 573 2 927 
# 2 928 1 574 
# 1 575 2 930 
# 1 577 2 933 
# 1 578 2 934 
# 1 579 2 935 
# 1 580 2 936 
# 1 581 2 937 
# 1 583 2 975 
# 2 977 1 584 
# 2 978 1 586 
# 2 979 1 587 
# 2 980 1 589 
# 1 592 2 983 
# 1 593 2 984 
# 1 594 2 985 
# 1 595 2 986 
# 1 596 2 987 
# 1 598 2 988 
# 1 600 2 991 
# 2 992 1 602 
# 2 993 1 603 
# 2 994 1 605 
# 2 995 1 606 
# 1 608 2 996 
# 1 609 2 997 
# 1 611 2 998 
# 1 613 2 999 
# 2 2500 1 614 
# 2 2501 1 616 
# 2 2502 1 618 
# 2 2503 1 619 
# 2 2504 1 620 
# 2 2505 1 622 
# 1 623 2 2506 
# 1 625 2 2507 
# 1 627 2 2508 
# 1 628 2 2509 
# 1 629 2 2510 
# 1 630 2 2511 
# 2 2512 1 631 
# 2 2513 1 633 
# 2 2514 1 634 
# 2 2515 1 635 
# 2 2516 1 637 
# 1 640 2 2518 
# 1 642 2 1449 
# 1 643 2 1452 
# 1 644 2 1454 
# 2 1457 1 645 
# 2 1459 1 646 
# 2 1462 1 647 
# 2 1464 1 648 
# 1 649 2 1468 
# 2 1472 1 650 
# 2 1475 1 651 
# 2 1478 1 652 
# 2 1479 1 653 
# 2 1481 1 654 
# 1 655 2 1485 
# 2 1488 1 656 
# 1 657 2 1491 
# 1 658 2 1493 
# 1 659 2 1496 
# 1 660 2 1501 
# 1 661 2 1503 
# 2 1507 1 662 
# 2 1509 1 663 
# 1 664 2 1514 
# 2 2016 1 666 
# 2 2017 1 668 
# 2 2019 1 669 
# 2 2020 1 670 
# 1 671 2 2022 
# 1 672 2 2023 
# 1 674 2 2024 
# 1 675 2 2026 
# 1 676 2 2027 
# 1 677 2 2028 
# 1 680 2 2029 
# 1 681 2 2030 
# 1 682 2 2031 
# 2 2032 1 683 
# 2 2035 1 685 
# 2 2036 1 686 
# 1 688 2 475 
# 1 690 2 476 
# 1 691 2 477 
# 1 692 2 478 
# 1 693 2 479 
# 2 480 1 694 
# 2 482 1 695 
# 2 483 1 697 
# 2 485 1 698 
# 2 486 1 699 
# 2 487 1 701 
# 2 488 1 702 
# 1 703 2 489 
# 1 704 2 492 
# 2 496 1 705 
# 2 497 1 706 
# 2 498 1 707 
# 2 499 1 708 
# 2 500 1 710 
# 2 501 1 713 
# 2 502 1 715 
# 2 503 1 716 
# 2 505 1 718 
# 1 719 2 506 
# 1 720 2 507 
# 1 724 2 509 
# 1 726 2 510 
# 1 727 2 511 
# 2 512 1 728 
# 2 513 1 729 
# 2 514 1 731 
# 2 1869 1 732 
# 2 1873 1 733 
# 2 1876 1 734 
# 1 735 2 1877 
# 1 736 2 1881 
# 1 737 2 1884 
# 2 1888 1 738 
# 2 1890 1 739 
# 2 1891 1 740 
# 2 1893 1 741 
# 2 1894 1 742 
# 1 743 2 1898 
# 1 744 2 1902 
# 2 1911 1 746 
# 2 1912 1 747 
# 1 748 2 1919 
# 2 1357 1 749 
# 2 1358 1 750 
# 1 751 2 1359 
# 2 1360 1 752 
# 2 1361 1 755 
# 2 1362 1 757 
# 2 1363 1 760 
# 2 1364 1 761 
# 2 1365 1 763 
# 2 1366 1 764 
# 2 1367 1 766 
# 1 768 2 1368 
# 1 769 2 1075 
# 1 770 2 1086 
# 2 1092 1 772 
# 2 1094 1 773 
# 1 774 2 1096 
# 1 775 2 1097 
# 1 776 2 1098 
# 1 777 2 1103 
# 2 1104 1 778 
# 2 1105 1 779 
# 2 1107 1 780 
# 2 1111 1 782 
# 1 783 2 1114 
# 1 784 2 1115 
# 1 785 2 1118 
# 1 786 2 1119 
# 2 1123 1 787 
# 2 658 1 788 
# 2 659 1 789 
# 2 660 1 790 
# 2 661 1 791 
# 2 662 1 792 
# 2 665 1 793 
# 2 666 1 794 
# 2 667 1 795 
# 2 668 1 796 
# 2 669 1 797 
# 1 799 2 671 
# 2 672 1 801 
# 2 673 1 802 
# 2 674 1 803 
# 2 676 1 804 
# 2 677 1 805 
# 2 678 1 806 
# 2 679 1 807 
# 2 680 1 808 
# 2 681 1 809 
# 1 810 2 381 
# 1 812 2 382 
# 1 813 2 383 
# 2 384 1 814 
# 1 815 2 385 
# 1 816 2 386 
# 2 387 1 818 
# 2 388 1 819 
# 2 389 1 820 
# 2 390 1 821 
# 2 391 1 822 
# 1 823 2 393 
# 1 824 2 395 
# 1 825 2 397 
# 1 826 2 398 
# 1 827 2 399 
# 2 400 1 828 
# 2 401 1 829 
# 2 402 1 830 
# 1 831 2 403 
# 1 832 2 404 
# 1 833 2 405 
# 1 834 2 2666 
# 1 835 2 2668 
# 1 836 2 2669 
# 1 837 2 2670 
# 1 838 2 2671 
# 2 2672 1 839 
# 2 2674 1 840 
# 2 2675 1 841 
# 2 2676 1 842 
# 2 2677 1 843 
# 2 2678 1 844 
# 2 2679 1 845 
# 2 2680 1 846 
# 1 848 2 2681 
# 1 849 2 2682 
# 1 850 2 2683 
# 1 851 2 2684 
# 1 853 2 2686 
# 1 855 2 2687 
# 2 2688 1 856 
# 2 2689 1 858 
# 2 2136 1 862 
# 1 863 2 2137 
# 1 865 2 2138 
# 1 866 2 2139 
# 1 867 2 2140 
# 1 868 2 2141 
# 1 870 2 2143 
# 2 2144 1 871 
# 2 2145 1 872 
# 2 2146 1 873 
# 2 2147 1 875 
# 2 2148 1 876 
# 1 879 2 2150 
# 1 880 2 2151 
# 1 881 2 2152 
# 1 882 2 2153 
# 1 883 2 2154 
# 1 884 2 2155 
# 1 887 2 2157 
# 1 888 2 2158 
# 1 889 2 2159 
# 2 2163 1 893 
# 1 896 2 2165 
# 1 900 2 2167 
# 1 901 2 2168 
# 1 902 2 2169 
# 1 903 2 2171 
# 1 904 2 2172 
# 1 907 2 2173 
# 1 908 2 2174 
# 1 911 2 2175 
# 2 2176 1 912 
# 2 2177 1 913 
# 2 2178 1 914 
# 2 2179 1 915 
# 2 2180 1 916 
# 2 2181 1 918 
# 2 2182 1 919 
# 2 2183 1 920 
# 1 923 2 1725 
# 2 1726 1 925 
# 2 1728 1 927 
# 2 1730 1 930 
# 2 1731 1 932 
# 2 1732 1 935 
# 2 1733 1 936 
# 2 1736 1 939 
# 2 1737 1 940 
# 2 1739 1 941 
# 1 943 2 1740 
# 1 946 2 1742 
# 1 948 2 1743 
# 2 1744 1 949 
# 2 1746 1 950 
# 2 1748 1 951 
# 2 1750 1 953 
# 2 1001 1 954 
# 2 1002 1 955 
# 2 1005 1 958 
# 1 959 2 1006 
# 2 1008 1 960 
# 2 1009 1 961 
# 2 1010 1 963 
# 2 1011 1 964 
# 2 1014 1 965 
# 1 966 2 1017 
# 1 967 2 1018 
# 1 969 2 1020 
# 1 972 2 1022 
# 2 1024 1 974 
# 1 976 2 1027 
# 1 977 2 1028 
# 1 978 2 1030 
# 1 979 2 1031 
# 1 980 2 1032 
# 1 982 2 1035 
# 1 983 2 1036 
# 1 984 2 1038 
# 2 1041 1 985 
# 2 1042 1 986 
# 2 1043 1 987 
# 2 1044 1 988 
# 2 1046 1 989 
# 2 1047 1 990 
# 1 991 2 1052 
# 1 992 2 1053 
# 2 2098 1 995 
# 2 2099 1 996 
# 2 2100 1 997 
# 2 2101 1 998 
# 2 2102 1 999 
# 2 2103 1 1000 
# 2 2106 1 1002 
# 2 2107 1 1003 
# 1 1004 2 2111 
# 2 2112 1 1006 
# 2 2113 1 1009 
# 2 2114 1 1012 
# 2 2115 1 1013 
# 2 1701 1 1014 
# 2 1703 1 1016 
# 2 1704 1 1017 
# 2 1705 1 1018 
# 2 1706 1 1019 
# 2 1707 1 1021 
# 2 1708 1 1022 
# 1 1023 2 1709 
# 1 1024 2 1710 
# 1 1025 2 1711 
# 2 1712 1 1026 
# 2 1713 1 1027 
# 2 1714 1 1028 
# 2 1716 1 1029 
# 2 1717 1 1030 
# 2 1720 1 1033 
# 2 1722 1 1035 
# 2 1723 1 1037 
# 1 1040 2 1724 
# 1 1041 2 2443 
# 1 1042 2 2445 
# 1 1043 2 2447 
# 2 2448 1 1044 
# 2 2449 1 1045 
# 2 2450 1 1046 
# 2 2451 1 1048 
# 2 2452 1 1049 
# 2 2453 1 1050 
# 2 2454 1 1051 
# 2 2455 1 1052 
# 2 2456 1 1053 
# 2 2457 1 1054 
# 1 1055 2 2458 
# 1 1056 2 2459 
# 1 1057 2 2461 
# 1 1059 2 2462 
# 1 1060 2 2463 
# 2 2464 1 1061 
# 2 2465 1 1063 
# 2 2466 1 1064 
# 2 2467 1 1065 
# 2 1753 1 1067 
# 2 1755 1 1069 
# 1 1071 2 1756 
# 1 1074 2 1757 
# 1 1075 2 1758 
# 1 1077 2 1759 
# 2 1761 1 1078 
# 2 1762 1 1080 
# 2 1763 1 1081 
# 2 1765 1 1082 
# 2 1766 1 1083 
# 2 1767 1 1084 
# 1 1087 2 1768 
# 1 1088 2 1769 
# 1 1092 2 1770 
# 1 1095 2 1772 
# 2 1260 1 1099 
# 2 1261 1 1102 
# 1 1104 2 1262 
# 1 1106 2 1263 
# 2 1264 1 1107 
# 2 1265 1 1108 
# 2 1267 1 1112 
# 2 1268 1 1113 
# 2 1269 1 1115 
# 2 1270 1 1116 
# 2 1271 1 1117 
# 1 1120 2 1272 
# 1 1121 2 1273 
# 1 1123 2 1275 
# 1 1126 2 1276 
# 1 1127 2 1277 
# 1 1129 2 1278 
# 1 1131 2 1279 
# 2 1280 1 1133 
# 1 1135 2 1282 
# 1 1137 2 1284 
# 1 1139 2 1285 
# 2 1286 1 1142 
# 2 1287 1 1143 
# 2 1288 1 1145 
# 2 1291 1 1147 
# 2 1292 1 1148 
# 1 1153 2 1293 
# 1 1154 2 223 
# 2 224 1 1155 
# 2 225 1 1156 
# 2 226 1 1157 
# 2 227 1 1158 
# 2 229 1 1160 
# 2 230 1 1161 
# 2 231 1 1162 
# 2 233 1 1163 
# 2 234 1 1164 
# 1 1167 2 235 
# 1 1168 2 236 
# 1 1169 2 237 
# 1 1170 2 238 
# 1 1171 2 239 
# 2 241 1 1172 
# 2 243 1 1173 
# 2 244 1 1174 
# 2 406 1 1175 
# 2 407 1 1177 
# 2 408 1 1178 
# 2 409 1 1182 
# 1 1184 2 410 
# 1 1185 2 411 
# 1 1186 2 412 
# 1 1189 2 413 
# 1 1190 2 414 
# 1 1191 2 415 
# 2 416 1 1192 
# 2 417 1 1193 
# 2 418 1 1196 
# 2 419 1 1198 
# 1 1202 2 421 
# 1 1204 2 422 
# 2 424 1 1207 
# 2 425 1 1208 
# 2 427 1 1212 
# 2 428 1 1213 
# 2 429 1 1214 
# 1 1215 2 431 
# 2 432 1 1216 
# 2 433 1 1219 
# 2 434 1 1220 
# 2 435 1 1221 
# 2 436 1 1222 
# 2 437 1 1224 
# 2 438 1 1229 
# 1 1233 2 439 
# 1 1237 2 440 
# 1 1238 2 441 
# 1 1239 2 442 
# 1 1241 2 444 
# 1 1242 2 446 
# 1 1245 2 447 
# 2 448 1 1246 
# 1 1247 2 449 
# 1 1248 2 450 
# 2 451 1 1251 
# 2 452 1 1254 
# 2 453 1 1256 
# 2 455 1 1257 
# 2 456 1 1258 
# 2 457 1 1259 
# 2 458 1 1262 
# 1 1265 2 460 
# 1 1267 2 461 
# 1 1270 2 462 
# 1 1271 2 463 
# 2 464 1 1272 
# 2 465 1 1273 
# 2 466 1 1274 
# 2 469 1 1278 
# 1 1280 2 470 
# 1 1281 2 471 
# 2 176 1 1285 
# 2 177 1 1287 
# 2 178 1 1290 
# 2 179 1 1292 
# 2 181 1 1293 
# 2 182 1 1294 
# 1 1300 2 183 
# 1 1302 2 184 
# 2 185 1 1305 
# 2 186 1 1306 
# 2 188 1 1307 
# 2 189 1 1308 
# 2 190 1 1310 
# 2 193 1 1313 
# 2 194 1 1314 
# 2 195 1 1316 
# 1 1317 2 2062 
# 1 1318 2 2063 
# 2 2064 1 1320 
# 2 2066 1 1321 
# 2 2068 1 1322 
# 2 2070 1 1323 
# 2 2071 1 1325 
# 2 2073 1 1326 
# 1 1327 2 2074 
# 1 1328 2 2075 
# 1 1329 2 2076 
# 1 1330 2 2077 
# 1 1331 2 2078 
# 1 1332 2 2079 
# 2 2081 1 1333 
# 2 2082 1 1334 
# 2 2083 1 1335 
# 2 2084 1 1337 
# 2 2086 1 1340 
# 2 2087 1 1341 
# 2 2088 1 1342 
# 1 1344 2 2089 
# 1 1345 2 2091 
# 1 1347 2 2092 
# 1 1349 2 2094 
# 1 1350 2 2095 
# 1 1351 2 939 
# 1 1352 2 940 
# 1 1354 2 942 
# 1 1355 2 943 
# 2 944 1 1356 
# 2 945 1 1357 
# 2 946 1 1358 
# 1 1359 2 948 
# 1 1360 2 950 
# 1 1361 2 952 
# 1 1362 2 953 
# 1 1363 2 955 
# 1 1368 2 958 
# 2 960 1 1369 
# 2 961 1 1370 
# 2 964 1 1373 
# 1 1375 2 965 
# 1 1376 2 966 
# 1 1377 2 969 
# 1 1380 2 972 
# 2 272 1 1381 
# 2 274 1 1383 
# 2 276 1 1385 
# 2 281 1 1386 
# 2 284 1 1387 
# 2 285 1 1388 
# 2 288 1 1389 
# 2 289 1 1390 
# 1 1391 2 293 
# 1 1392 2 294 
# 1 1393 2 295 
# 1 1394 2 297 
# 1 1396 2 298 
# 1 1397 2 300 
# 1 1398 2 301 
# 1 1399 2 302 
# 2 305 1 1400 
# 2 313 1 1402 
# 2 315 1 1404 
# 1 1407 2 316 
# 1 1408 2 318 
# 1 1409 2 319 
# 2 322 1 1410 
# 2 323 1 1411 
# 2 324 1 1412 
# 2 326 1 1413 
# 2 327 1 1414 
# 2 328 1 1416 
# 2 329 1 1418 
# 2 330 1 1419 
# 2 331 1 1420 
# 2 333 1 1421 
# 2 334 1 1422 
# 1 1423 2 335 
# 2 336 1 1424 
# 2 337 1 1425 
# 2 338 1 1426 
# 2 339 1 1427 
# 2 340 1 1428 
# 2 341 1 1429 
# 2 342 1 1431 
# 2 516 1 1433 
# 2 517 1 1435 
# 2 518 1 1437 
# 2 519 1 1438 
# 1 1439 2 521 
# 1 1441 2 522 
# 1 1444 2 524 
# 1 1445 2 525 
# 1 1446 2 526 
# 1 1448 2 527 
# 2 528 1 1449 
# 2 529 1 1450 
# 1 1455 2 530 
# 1 1456 2 531 
# 1 1458 2 533 
# 1 1459 2 534 
# 1 1460 2 535 
# 1 1461 2 538 
# 1 1463 2 539 
# 1 1464 2 540 
# 1 1466 2 541 
# 1 1468 2 543 
# 2 2835 1 1470 
# 1 1471 2 2840 
# 1 1472 2 2841 
# 1 1473 2 2843 
# 1 1474 2 2845 
# 1 1477 2 2847 
# 2 2848 1 1478 
# 2 2850 1 1479 
# 2 2851 1 1481 
# 2 2852 1 1482 
# 2 2853 1 1483 
# 2 2854 1 1484 
# 2 2856 1 1486 
# 1 1487 2 2857 
# 1 1488 2 2858 
# 1 1489 2 2859 
# 1 1490 2 2860 
# 1 1491 2 2861 
# 1 1492 2 2862 
# 1 1493 2 2863 
# 2 2864 1 1495 
# 2 2865 1 1496 
# 2 2866 1 1498 
# 2 2867 1 1499 
# 2 2868 1 1501 
# 1 1503 2 2869 
# 1 1504 2 2870 
# 1 1505 2 2871 
# 1 1506 2 2872 
# 1 1507 2 2875 
# 2 2420 1 1509 
# 2 2421 1 1510 
# 2 2422 1 1512 
# 2 2423 1 1514 
# 2 2424 1 1515 
# 2 2425 1 1516 
# 2 2426 1 1517 
# 2 2427 1 1518 
# 1 1520 2 2429 
# 1 1521 2 2430 
# 1 1522 2 2431 
# 2 2432 1 1523 
# 2 2433 1 1524 
# 2 2435 1 1526 
# 2 2436 1 1527 
# 2 2437 1 1528 
# 2 2439 1 1529 
# 2 2440 1 1530 
# 2 2441 1 1531 
# 2 2442 1 1532 
# 2 129 1 1533 
# 2 130 1 1534 
# 1 1535 2 131 
# 1 1536 2 132 
# 1 1537 2 133 
# 1 1538 2 134 
# 1 1540 2 135 
# 1 1541 2 136 
# 1 1542 2 137 
# 1 1544 2 138 
# 1 1545 2 139 
# 1 1546 2 140 
# 1 1547 2 142 
# 1 1548 2 143 
# 2 144 1 1549 
# 2 145 1 1550 
# 1 1551 2 146 
# 1 1552 2 147 
# 1 1553 2 148 
# 2 149 1 1556 
# 2 150 1 1557 
# 2 151 1 1559 
# 2 1124 1 1560 
# 2 1127 1 1561 
# 2 1130 1 1562 
# 1 1563 2 1135 
# 2 1137 1 1564 
# 2 1140 1 1565 
# 2 1143 1 1566 
# 1 1567 2 1147 
# 1 1568 2 1150 
# 2 1153 1 1570 
# 2 2691 1 1572 
# 2 2692 1 1573 
# 2 2693 1 1574 
# 2 2694 1 1576 
# 2 2695 1 1577 
# 2 2696 1 1578 
# 2 2698 1 1579 
# 2 2699 1 1580 
# 2 2700 1 1581 
# 2 2701 1 1582 
# 1 1583 2 2702 
# 1 1584 2 2703 
# 2 2705 1 1585 
# 2 2706 1 1586 
# 2 2707 1 1587 
# 2 2708 1 1588 
# 2 2709 1 1589 
# 2 2711 1 1590 
# 1 1591 2 2713 
# 1 1592 2 2714 
# 1 1594 2 2716 
# 1 1595 2 2717 
# 2 1650 1 1596 
# 2 1653 1 1598 
# 1 1599 2 1655 
# 1 1600 2 1656 
# 1 1602 2 1661 
# 2 1665 1 1603 
# 2 1667 1 1604 
# 2 1668 1 1605 
# 1 1606 2 1672 
# 1 1607 2 1675 
# 1 1608 2 1678 
# 1 1609 2 1679 
# 2 1687 1 1611 
# 2 1690 1 1612 
# 2 1696 1 1613 
# 2 247 1 1614 
# 1 1615 2 249 
# 1 1616 2 250 
# 1 1617 2 251 
# 1 1618 2 252 
# 1 1619 2 253 
# 1 1620 2 255 
# 2 256 1 1621 
# 2 257 1 1625 
# 2 259 1 1626 
# 2 260 1 1627 
# 2 262 1 1629 
# 2 264 1 1630 
# 1 1631 2 266 
# 1 1632 2 267 
# 1 1633 2 268 
# 1 1634 2 269 
# 1 1635 2 270 
# 2 2468 1 1636 
# 2 2470 1 1637 
# 2 2472 1 1639 
# 2 2473 1 1640 
# 1 1641 2 2475 
# 1 1642 2 2476 
# 1 1643 2 2477 
# 1 1644 2 2478 
# 2 2480 1 1645 
# 2 2481 1 1646 
# 1 1647 2 2483 
# 1 1648 2 2484 
# 1 1649 2 2485 
# 1 1651 2 2487 
# 1 1652 2 2488 
# 1 1653 2 2490 
# 1 1654 2 2491 
# 1 1655 2 2493 
# 1 1656 2 2494 
# 1 1657 2 2495 
# 2 2496 1 1658 
# 2 2497 1 1659 
# 2 2498 1 1660 
# 1 1663 2 1295 
# 1 1665 2 1299 
# 1 1666 2 1301 
# 1 1667 2 1302 
# 1 1668 2 1304 
# 1 1669 2 1305 
# 1 1670 2 1307 
# 1 1671 2 1309 
# 1 1672 2 1311 
# 2 1315 1 1673 
# 2 1316 1 1675 
# 2 1317 1 1676 
# 2 1319 1 1677 
# 2 1983 1 1678 
# 2 1984 1 1681 
# 2 1985 1 1683 
# 2 1986 1 1687 
# 2 1987 1 1688 
# 2 1988 1 1690 
# 1 1697 2 1990 
# 1 1698 2 1991 
# 1 1699 2 1992 
# 1 1700 2 1993 
# 1 1701 2 1994 
# 2 197 1 1702 
# 2 198 1 1703 
# 2 199 1 1704 
# 2 200 1 1705 
# 2 201 1 1706 
# 2 202 1 1707 
# 2 203 1 1708 
# 2 206 1 1709 
# 2 207 1 1710 
# 2 208 1 1711 
# 2 209 1 1712 
# 2 210 1 1713 
# 1 1714 2 212 
# 1 1715 2 213 
# 1 1716 2 214 
# 1 1717 2 215 
# 1 1718 2 216 
# 1 1719 2 219 
# 1 1720 2 220 
# 1 1721 2 221 
# 2 544 1 1722 
# 2 545 1 1724 
# 1 1728 2 546 
# 1 1729 2 547 
# 1 1730 2 548 
# 2 550 1 1735 
# 2 551 1 1737 
# 2 552 1 1738 
# 2 553 1 1739 
# 2 554 1 1740 
# 2 555 1 1742 
# 1 1744 2 557 
# 1 1745 2 559 
# 2 560 1 1746 
# 2 1345 1 1752 
# 2 1347 1 1756 
# 1 1759 2 1348 
# 1 1762 2 1349 
# 2 1351 1 1767 
# 2 1353 1 1771 
# 2 1354 1 1774 
# 1 1776 2 1355 
# 1 1781 2 2876 
# 1 1782 2 2877 
# 1 1784 2 2879 
# 2 2880 1 1785 
# 2 2881 1 1786 
# 2 2884 1 1787 
# 2 2885 1 1788 
# 2 2888 1 1789 
# 2 2889 1 1790 
# 1 1793 2 2891 
# 1 1794 2 2894 
# 2 2896 1 1796 
# 2 2898 1 1797 
# 2 2901 1 1798 
# 2 2902 1 1799 
# 2 2904 1 1800 
# 2 2906 1 1802 
# 2 2519 1 1805 
# 2 2520 1 1806 
# 1 1808 2 2521 
# 1 1809 2 2522 
# 1 1811 2 2523 
# 1 1813 2 2525 
# 1 1814 2 2527 
# 2 2528 1 1815 
# 2 2529 1 1818 
# 2 2531 1 1822 
# 1 1823 2 2532 
# 1 1825 2 2533 
# 1 1827 2 2536 
# 1 1830 2 2537 
# 1 1832 2 2538 
# 1 1833 2 2539 
# 2 2540 1 1835 
# 2 1414 1 1837 
# 2 1415 1 1838 
# 1 1840 2 1418 
# 1 1841 2 1421 
# 2 1426 1 1842 
# 2 1427 1 1843 
# 2 1428 1 1844 
# 2 1430 1 1845 
# 2 1431 1 1846 
# 1 1847 2 1433 
# 1 1848 2 1436 
# 1 1849 2 1438 
# 1 1850 2 2814 
# 2 2816 1 1851 
# 2 2819 1 1852 
# 2 2821 1 1853 
# 2 2823 1 1854 
# 1 1855 2 2830 
# 1 1856 2 2767 
# 2 2769 1 1857 
# 2 2771 1 1858 
# 2 2772 1 1859 
# 2 2773 1 1860 
# 2 2774 1 1861 
# 2 2775 1 1862 
# 2 2776 1 1863 
# 1 1865 2 2779 
# 1 1866 2 2780 
# 1 1867 2 2781 
# 1 1868 2 2782 
# 1 1869 2 2783 
# 2 2784 1 1870 
# 1 1871 2 2785 
# 1 1872 2 2786 
# 1 1873 2 2787 
# 1 1874 2 2789 
# 1 1875 2 2790 
# 1 1876 2 2791 
# 1 1877 2 2792 
# 1 1878 2 2793 
# 1 1879 2 2794 
# 1 1882 2 2796 
# 1 1883 2 2797 
# 2 2798 1 1885 
# 2 2799 1 1886 
# 2 2800 1 1889 
# 2 2801 1 1890 
# 2 2803 1 1892 
# 2 2804 1 1893 
# 2 2805 1 1894 
# 2 2807 1 1895 
# 2 2809 1 1896 
# 2 2810 1 1897 
# 2 2811 1 1898 
# 2 2812 1 1899 
# 2 2813 1 1900 
# 2 683 1 1901 
# 2 686 1 1902 
# 1 1903 2 689 
# 1 1904 2 690 
# 1 1905 2 695 
# 1 1906 2 698 
# 1 1907 2 701 
# 1 1908 2 702 
# 2 704 1 1910 
# 2 705 1 1911 
# 2 708 1 1913 
# 2 715 1 1914 
# 1 1915 2 718 
# 1 1916 2 719 
# 2 720 1 1917 
# 2 722 1 1918 
# 1 1919 2 725 
# 1 1921 2 728 
# 1 1922 2 729 
# 1 1924 2 1948 
# 1 1926 2 1950 
# 2 1952 1 1927 
# 2 1953 1 1928 
# 2 1954 1 1929 
# 2 1958 1 1930 
# 2 1960 1 1933 
# 1 1936 2 1964 
# 1 1937 2 1966 
# 1 1938 2 1967 
# 2 1969 1 1940 
# 2 1970 1 1941 
# 2 1976 1 1943 
# 1 1944 2 1979 
# 1 1945 2 1980 
# 1 1946 2 1981 
# 2 1792 1 1948 
# 2 1793 1 1949 
# 2 1794 1 1950 
# 1 1951 2 1795 
# 1 1952 2 1796 
# 1 1953 2 1797 
# 1 1954 2 1798 
# 1 1956 2 1799 
# 1 1957 2 1801 
# 1 1958 2 1803 
# 1 1959 2 1804 
# 1 1960 2 1805 
# 1 1961 2 1806 
# 2 1808 1 1962 
# 2 1810 1 1964 
# 2 1811 1 1965 
# 2 1812 1 1966 
# 1 1968 2 1814 
# 1 1969 2 1815 
# 1 1970 2 1816 
# 1 1971 2 1818 
# 1 1972 2 1819 
# 1 1973 2 1820 
# 1 1974 2 1821 
# 1 1975 2 1822 
# 1 1976 2 1823 
# 2 1825 1 1977 
# 2 1826 1 1978 
# 2 1828 1 1980 
# 2 1829 1 1981 
# 1 1983 2 1830 
# 1 1985 2 1831 
# 1 1987 2 2613 
# 1 1988 2 2614 
# 1 1989 2 2616 
# 1 1990 2 2618 
# 1 1991 2 2619 
# 1 1992 2 2620 
# 1 1994 2 2623 
# 2 2624 1 1995 
# 2 2626 1 1996 
# 2 2628 1 1997 
# 2 2629 1 1998 
# 1 1999 2 2630 
# 1 2000 2 2632 
# 1 2002 2 2633 
# 1 2003 2 2635 
# 1 2005 2 2639 
# 2 2640 1 2006 
# 2 2644 1 2007 
# 2 2648 1 2008 
# 2 2650 1 2009 
# 1 2010 2 2652 
# 2 2654 1 2013 
# 2 2655 1 2014 
# 2 2656 1 2015 
# 2 2657 1 2016 
# 1 2020 2 2662 
# 2 2663 1 2022 
# 2 2664 1 2023 
# 1 2025 2 2542 
# 1 2026 2 2543 
# 2 2544 1 2027 
# 2 2545 1 2028 
# 2 2546 1 2029 
# 2 2547 1 2030 
# 1 2031 2 2548 
# 1 2032 2 2550 
# 1 2034 2 2551 
# 1 2035 2 2552 
# 1 2036 2 2553 
# 1 2037 2 2555 
# 1 2038 2 2556 
# 1 2039 2 2558 
# 1 2040 2 2559 
# 2 2560 1 2041 
# 2 2561 1 2042 
# 2 2562 1 2043 
# 2 2563 1 2044 
# 2 2564 1 2045 
# 2 2565 1 2046 
# 1 2047 2 775 
# 1 2049 2 777 
# 2 788 1 2054 
# 2 789 1 2055 
# 2 792 1 2056 
# 1 2057 2 795 
# 1 2058 2 796 
# 1 2059 2 799 
# 2 801 1 2061 
# 2 803 1 2062 
# 1 2063 2 806 
# 1 2065 2 809 
# 1 2067 2 811 
# 2 816 1 2069 
# 2 820 1 2070 
# 2 823 1 2071 
# 1 2072 2 827 
# 1 2073 2 831 
# 2 833 1 2074 
# 2 835 1 2075 
# 2 838 1 2076 
# 2 839 1 2077 
# 2 844 1 2078 
# 1 2079 2 845 
# 1 2080 2 846 
# 2 848 1 2081 
# 2 851 1 2083 
# 2 852 1 2084 
# 2 854 1 2085 
# 2 855 1 2086 
# 2 2964 1 2087 
# 2 2965 1 2091 
# 2 2966 1 2093 
# 1 2095 2 2967 
# 1 2097 2 2968 
# 1 2099 2 2970 
# 1 2103 2 2971 
# 2 1920 1 2112 
# 1 2113 2 1923 
# 1 2114 2 1924 
# 2 1925 1 2116 
# 2 1926 1 2117 
# 2 1927 1 2118 
# 2 1928 1 2119 
# 1 2120 2 1930 
# 1 2121 2 1931 
# 1 2122 2 1932 
# 1 2123 2 1933 
# 1 2124 2 1934 
# 1 2125 2 1935 
# 2 1936 1 2126 
# 1 2127 2 1938 
# 1 2128 2 1939 
# 1 2129 2 1940 
# 1 2130 2 1942 
# 1 2131 2 1943 
# 1 2132 2 1944 
# 1 2133 2 1945 
# 2 2247 1 2134 
# 2 2248 1 2135 
# 1 2136 2 2254 
# 1 2137 2 2255 
# 2 2257 1 2138 
# 2 2258 1 2139 
# 2 2259 1 2140 
# 2 2260 1 2141 
# 2 2261 1 2142 
# 1 2143 2 2264 
# 1 2144 2 2266 
# 1 2145 2 2267 
# 1 2147 2 2269 
# 1 2148 2 2270 
# 2 2273 1 2149 
# 2 2274 1 2150 
# 2 2276 1 2151 
# 2 2279 1 2152 
# 2 2280 1 2153 
# 2 2281 1 2154 
# 2 2282 1 2155 
# 1 2159 2 2285 
# 1 2160 2 2286 
# 2 2288 1 2162 
# 2 2289 1 2163 
# 2 2290 1 2165 
# 2 2292 1 2167 
# 2 101 1 2169 
# 2 102 1 2170 
# 2 103 1 2171 
# 2 104 1 2172 
# 2 105 1 2173 
# 2 106 1 2174 
# 1 2177 2 110 
# 2 112 1 2180 
# 2 113 1 2181 
# 2 114 1 2182 
# 2 115 1 2184 
# 2 119 1 2186 
# 2 120 1 2187 
# 2 121 1 2188 
# 2 123 1 2189 
# 2 124 1 2190 
# 1 2191 2 126 
# 1 2192 2 1157 
# 1 2197 2 1165 
# 1 2198 2 1166 
# 1 2199 2 1167 
# 2 1169 1 2200 
# 2 1171 1 2201 
# 2 2305 1 2203 
# 2 2306 1 2204 
# 2 2307 1 2205 
# 2 2309 1 2206 
# 1 2208 2 2310 
# 1 2210 2 2313 
# 1 2211 2 2316 
# 1 2212 2 2317 
# 1 2214 2 2319 
# 2 2321 1 2215 
# 2 2322 1 2216 
# 2 2323 1 2217 
# 2 2324 1 2218 
# 2 2325 1 2220 
# 2 2326 1 2221 
# 2 2329 1 2222 
# 1 2225 2 2331 
# 1 2229 2 2334 
# 2 2336 1 2230 
# 2 2337 1 2231 
# 2 2339 1 2233 
# 2 2993 1 2234 
# 2 2994 1 2235 
# 2 2995 1 2237 
# 2 2996 1 2238 
# 1 2239 2 2997 
# 1 2241 2 2998 
# 1 2242 2 2999 
# 1 2243 2 3000 
# 1 2244 2 3001 
# 1 2245 2 3002 
# 1 2248 2 3003 
# 1 2249 2 3004 
# 1 2250 2 3006 
# 1 2251 2 3007 
# 2 3009 1 2252 
# 2 3010 1 2254 
# 1 2255 2 3012 
# 1 2256 2 3015 
# 1 2257 2 3016 
# 1 2258 2 3017 
# 1 2259 2 3018 
# 1 2260 2 3019 
# 2 3025 1 2263 
# 2 3026 1 2265 
# 2 153 1 2267 
# 2 154 1 2269 
# 1 2273 2 155 
# 1 2274 2 156 
# 1 2276 2 157 
# 1 2277 2 158 
# 1 2280 2 159 
# 2 160 1 2282 
# 2 161 1 2285 
# 1 2287 2 162 
# 1 2289 2 163 
# 1 2290 2 164 
# 2 165 1 2293 
# 2 166 1 2294 
# 2 167 1 2297 
# 2 169 1 2301 
# 2 170 1 2302 
# 1 2305 2 171 
# 1 2306 2 172 
# 1 2309 2 173 
# 1 2310 2 174 
# 1 2314 2 175 
# 2 1995 1 2315 
# 2 1996 1 2316 
# 2 1997 1 2317 
# 2 1998 1 2318 
# 1 2320 2 1999 
# 2 2000 1 2321 
# 2 2001 1 2322 
# 2 2002 1 2323 
# 2 2003 1 2324 
# 2 2004 1 2325 
# 2 2005 1 2327 
# 2 2006 1 2328 
# 2 2007 1 2329 
# 2 2009 1 2331 
# 2 2010 1 2332 
# 2 2011 1 2333 
# 2 2012 1 2334 
# 1 2336 2 2014 
# 1 2339 2 2973 
# 1 2340 2 2974 
# 1 2342 2 2975 
# 2 2976 1 2343 
# 2 2977 1 2344 
# 2 2978 1 2345 
# 2 2979 1 2347 
# 2 2980 1 2349 
# 2 2981 1 2350 
# 1 2351 2 2983 
# 1 2352 2 2984 
# 1 2353 2 2985 
# 1 2357 2 2986 
# 1 2358 2 2987 
# 1 2359 2 2988 
# 1 2360 2 2990 
# 1 2361 2 2991 
# 2 2992 1 2368 
# 1 2369 2 1055 
# 2 1056 1 2372 
# 2 1057 1 2377 
# 2 1058 1 2381 
# 1 2383 2 1059 
# 1 2384 2 1060 
# 1 2386 2 1061 
# 2 1062 1 2395 
# 1 2399 2 1063 
# 1 2403 2 1064 
# 1 2406 2 1065 
# 2 1066 1 2410 
# 2 1067 1 2412 
# 2 1068 1 2414 
# 1 2419 2 1069 
# 1 2421 2 1070 
# 1 2426 2 1071 
# 2 1072 1 2429 
# 1 2435 2 733 
# 1 2436 2 734 
# 2 736 1 2438 
# 2 737 1 2439 
# 2 738 1 2440 
# 2 742 1 2444 
# 1 2447 2 745 
# 1 2449 2 747 
# 1 2450 2 748 
# 1 2452 2 749 
# 1 2453 2 751 
# 2 752 1 2454 
# 2 757 1 2455 
# 2 758 1 2456 
# 2 761 1 2457 
# 1 2458 2 1247 
# 1 2463 2 1249 
# 2 1251 1 2466 
# 2 1252 1 2468 
# 2 1253 1 2470 
# 2 1255 1 2473 
# 2 1257 1 2476 
# 1 2480 2 1258 
# 1 2481 2 1259 
# 1 2482 2 857 
# 1 2483 2 858 
# 1 2484 2 859 
# 1 2486 2 860 
# 1 2487 2 861 
# 1 2489 2 862 
# 1 2495 2 863 
# 2 864 1 2496 
# 2 865 1 2497 
# 2 866 1 2498 
# 2 867 1 2501 
# 2 869 1 2504 
# 2 870 1 2506 
# 2 871 1 2507 
# 2 872 1 2508 
# 2 873 1 2509 
# 2 874 1 2510 
# 1 2511 2 875 
# 1 2516 2 876 
# 1 2517 2 877 
# 1 2519 2 878 
# 1 2522 2 879 
# 2 880 1 2524 
# 2 881 1 2528 
# 2 882 1 2529 
# 2 883 1 2530 
# 2 884 1 2531 
# 2 885 1 2535 
# 2 886 1 2536 
# 2 887 1 2538 
# 1 2544 2 889 
# 1 2548 2 890 
# 1 2549 2 891 
# 1 2550 2 892 
# 1 2552 2 893 
# 2 896 1 2555 
# 2 898 1 2556 
# 2 899 1 2558 
# 1 2559 2 900 
# 1 2562 2 902 
# 1 2563 2 903 
# 1 2564 2 904 
# 1 2565 2 905 
# 1 2566 2 906 
# 1 2567 2 909 
# 1 2568 2 910 
# 1 2569 2 911 
# 2 912 1 2570 
# 2 913 1 2571 
# 2 914 1 2572 
# 2 916 1 2573 
# 2 48 1 2574 
# 1 2575 2 49 
# 1 2576 2 50 
# 1 2577 2 51 
# 1 2578 2 52 
# 1 2579 2 53 
# 1 2580 2 54 
# 2 55 1 2582 
# 2 56 1 2583 
# 2 57 1 2584 
# 2 58 1 2586 
# 2 59 1 2587 
# 2 60 1 2589 
# 2 61 1 2590 
# 1 2593 2 63 
# 2 64 1 2594 
# 2 65 1 2595 
# 2 66 1 2596 
# 2 67 1 2597 
# 2 68 1 2598 
# 2 69 1 2599 
# 2 70 1 2602 
# 2 71 1 2605 
# 2 73 1 2606 
# 1 2608 2 74 
# 1 2609 2 75 
# 1 2610 2 76 
# 1 2612 2 77 
# 1 2613 2 78 
# 1 2614 2 79 
# 2 81 1 2615 
# 2 82 1 2616 
# 2 83 1 2617 
# 2 85 1 2620 
# 2 86 1 2621 
# 2 87 1 2622 
# 1 2623 2 88 
# 1 2626 2 91 
# 1 2627 2 92 
# 1 2628 2 93 
# 1 2629 2 94 
# 1 2632 2 95 
# 2 96 1 2633 
# 2 97 1 2634 
# 2 98 1 2635 
# 2 562 1 2636 
# 1 2639 2 563 
# 1 2642 2 564 
# 2 565 1 2644 
# 2 566 1 2646 
# 2 567 1 2647 
# 2 568 1 2649 
# 2 569 1 2651 
# 2 570 1 2652 
# 2 571 1 2654 
# 1 2656 2 572 
# 1 2660 2 573 
# 1 2663 2 574 
# 1 2665 2 575 
# 2 576 1 2666 
# 2 577 1 2667 
# 2 578 1 2670 
# 1 2672 2 579 
# 1 2674 2 580 
# 1 2675 2 581 
# 1 2676 2 582 
# 2 583 1 2682 
# 2 584 1 2683 
# 2 585 1 2685 
# 1 2687 2 587 
# 1 2689 2 588 
# 1 2692 2 589 
# 1 2694 2 590 
# 1 2696 2 591 
# 2 592 1 2697 
# 2 593 1 2698 
# 2 594 1 2700 
# 1 2704 2 2909 
# 1 2705 2 2910 
# 1 2706 2 2911 
# 2 2912 1 2707 
# 2 2914 1 2712 
# 2 2915 1 2713 
# 2 2916 1 2714 
# 2 2917 1 2716 
# 2 2918 1 2717 
# 2 2919 1 2718 
# 1 2719 2 2920 
# 1 2720 2 2921 
# 1 2721 2 2922 
# 1 2722 2 2923 
# 1 2723 2 2924 
# 1 2724 2 2925 
# 2 2928 1 2725 
# 2 2929 1 2726 
# 2 2930 1 2727 
# 2 2931 1 2728 
# 2 2932 1 2729 
# 2 2933 1 2730 
# 2 2934 1 2732 
# 2 2935 1 2733 
# 2 2936 1 2734 
# 1 2735 2 2937 
# 1 2737 2 2938 
# 1 2738 2 2939 
# 1 2739 2 2940 
# 1 2741 2 2942 
# 1 2743 2 2943 
# 2 2944 1 2744 
# 2 2946 1 2746 
# 2 2947 1 2747 
# 2 2948 1 2748 
# 2 2950 1 2750 
# 1 2751 2 2954 
# 1 2752 2 2956 
# 1 2753 2 2957 
# 1 2754 2 2958 
# 1 2756 2 2959 
# 2 2960 1 2757 
# 2 2962 1 2758 
# 2 2963 1 2759 
# 2 2225 1 2761 
# 2 2226 1 2762 
# 2 2227 1 2763 
# 2 2228 1 2764 
# 2 2229 1 2765 
# 2 2230 1 2766 
# 1 2767 2 2231 
# 1 2769 2 2232 
# 1 2770 2 2233 
# 1 2771 2 2235 
# 1 2772 2 2238 
# 1 2773 2 2239 
# 2 2240 1 2775 
# 2 2241 1 2776 
# 2 2242 1 2777 
# 2 2243 1 2778 
# 2 2244 1 2779 
# 2 2245 1 2780 
# 2 2246 1 2781 
# 2 2720 1 2782 
# 2 2721 1 2784 
# 2 2722 1 2785 
# 2 2723 1 2786 
# 2 2724 1 2787 
# 2 2725 1 2788 
# 2 2726 1 2789 
# 2 2727 1 2790 
# 1 2791 2 2729 
# 1 2792 2 2730 
# 1 2793 2 2731 
# 1 2794 2 2732 
# 1 2795 2 2735 
# 2 2736 1 2796 
# 2 2737 1 2797 
# 1 2799 2 2739 
# 1 2800 2 2740 
# 1 2801 2 2741 
# 1 2802 2 2742 
# 1 2803 2 2743 
# 1 2804 2 2744 
# 1 2805 2 2745 
# 1 2806 2 2746 
# 1 2807 2 2748 
# 1 2808 2 2750 
# 2 2752 1 2809 
# 2 2754 1 2810 
# 2 2756 1 2811 
# 2 2758 1 2813 
# 1 2815 2 2760 
# 1 2816 2 2762 
# 1 2817 2 2763 
# 1 2818 2 2764 
# 1 2819 2 2765 
# 1 2820 2 1773 
# 1 2821 2 1774 
# 1 2822 2 1775 
# 2 1776 1 2823 
# 2 1777 1 2826 
# 2 1778 1 2827 
# 2 1779 1 2828 
# 2 1780 1 2829 
# 2 1781 1 2830 
# 1 2831 2 1782 
# 1 2832 2 1783 
# 1 2836 2 1786 
# 1 2837 2 1787 
# 1 2838 2 1788 
# 1 2840 2 1789 
# 1 2842 2 1791 
# 2 28 1 2843 
# 2 29 1 2845 
# 1 2847 2 31 
# 2 32 1 2849 
# 2 33 1 2850 
# 2 36 1 2853 
# 2 37 1 2854 
# 2 38 1 2855 
# 2 39 1 2858 
# 2 40 1 2860 
# 2 41 1 2862 
# 1 2863 2 42 
# 1 2865 2 43 
# 1 2866 2 44 
# 1 2868 2 45 
# 1 2869 2 46 
# 1 2872 2 47 
# 2 3027 1 2873 
# 2 3028 1 2874 
# 2 3029 1 2875 
# 2 3031 1 2877 
# 1 2879 2 3032 
# 1 2880 2 3033 
# 1 2883 2 3035 
# 1 2885 2 3038 
# 1 2886 2 3039 
# 2 3041 1 2887 
# 2 3042 1 2888 
# 2 3044 1 2890 
# 1 2895 2 3046 
# 1 2901 2 3048 
# 2 3049 1 2906 
# 2 1588 1 2907 
# 2 1589 1 2908 
# 2 1590 1 2909 
# 2 1593 1 2910 
# 1 2911 2 1594 
# 1 2914 2 1595 
# 1 2916 2 1596 
# 1 2918 2 1598 
# 1 2919 2 1599 
# 2 1600 1 2922 
# 2 1601 1 2923 
# 2 1602 1 2924 
# 2 1604 1 2925 
# 2 1605 1 2926 
# 1 2928 2 1606 
# 1 2930 2 1607 
# 1 2931 2 1531 
# 1 2932 2 1534 
# 2 1541 1 2933 
# 1 2935 2 1546 
# 2 1552 1 2937 
# 2 1556 1 2938 
# 2 1561 1 2939 
# 1 2940 2 1566 
# 2 1575 1 2942 
# 1 2943 2 1577 
# 1 2944 2 1581 
# 1 2945 2 1582 
# 1 2946 2 1174 
# 1 2947 2 1176 
# 1 2948 2 1180 
# 1 2949 2 1182 
# 2 1184 1 2950 
# 2 1185 1 2952 
# 2 1187 1 2953 
# 2 1188 1 2954 
# 2 1189 1 2955 
# 2 1191 1 2956 
# 1 2959 2 1194 
# 1 2960 2 1195 
# 1 2961 2 1197 
# 2 1200 1 2964 
# 2 1202 1 2965 
# 2 1203 1 2967 
# 2 1205 1 2968 
# 2 1206 1 2969 
# 2 1207 1 2970 
# 2 1209 1 2971 
# 2 1211 1 2973 
# 1 2975 2 1212 
# 1 2976 2 1213 
# 1 2977 2 1215 
# 2 1216 1 2978 
# 2 1217 1 2979 
# 2 1218 1 2980 
# 2 1220 1 2981 
# 2 1221 1 2982 
# 2 1222 1 2983 
# 2 2116 1 2984 
# 2 2118 1 2989 
# 1 2996 2 2119 
# 2 2120 1 3002 
# 2 2121 1 3003 
# 1 3009 2 2123 
# 1 3014 2 2124 
# 1 3018 2 2125 
# 1 3025 2 2126 
# 1 3039 2 2129 
# 2 2131 1 3045 
# 2 2133 1 3061 
# 2 1370 1 3070 
# 1 3071 2 1375 
# 2 1377 1 3072 
# 2 1378 1 3073 
# 2 1380 1 3075 
# 2 1381 1 3076 
# 2 1382 1 3077 
# 1 3079 2 1385 
# 1 3080 2 1386 
# 1 3081 2 1387 
# 1 3082 2 1389 
# 1 3083 2 1390 
# 2 1393 1 3085 
# 2 1394 1 3086 
# 1 3087 2 1396 
# 1 3088 2 1398 
# 1 3089 2 1399 
# 1 3092 2 1400 
# 1 3093 2 1403 
# 2 1408 1 3096 
# 1 3098 2 765 
# 1 3099 2 766 
# 2 767 1 3102 
# 2 768 1 3104 
# 2 769 1 3105 
# 2 770 1 3106 
# 2 771 1 3107 
# 2 772 1 3108 
# 2 1225 1 3114 
# 2 1226 1 3116 
# 2 1227 1 3118 
# 1 3121 2 1228 
# 1 3123 2 1229 
# 1 3124 2 1230 
# 2 1233 1 3129 
# 2 1234 1 3131 
# 2 1235 1 3134 
# 2 1237 1 3140 
# 2 1239 1 3143 
# 2 1240 1 3145 
# 2 1241 1 3146 
# 2 1242 1 3148 
# 2 1243 1 3150 
# 1 3152 2 1244 
# 1 3156 2 1246 
