214.5371685854582	1	15388.89089091852	1192.6953254792793
223.04743842609489	1	16132.841598020768	1187.8160259179208
235.04119493007155	1	17022.931595118793	1192.2419206189427
255.53744823971317	1	16135.803090121472	1197.3609348206844
428.0242910751751	1	17153.459983268767	1194.5355324441043
445.05689602699846	1	16818.472032826183	1176.248958520446
450.0045061033508	1	16543.30658282951	1176.8888874175136
460.07378789366476	1	16527.128555199208	1181.4697020925075
469.06003557574803	1	17429.815301327464	1206.838038124124
491.0703592553987	1	16754.569574363995	1186.2544420319944
510.07451487226604	1	16793.065949910888	1192.6035971094134
855.0607916389794	1	16643.683042072258	1183.752877345733
877.0577247780407	1	15772.03447022604	1204.9765595111835
896.1054111165603	1	14393.499468602558	1188.5469949836513
250.0784184033073	1	143116.67269674948	852.2104019603636
251.08807865901227	1	13008.371531729914	852.851413502047
250.53619787581871	1	27213.01062537971	859.6350669683801
258.5759242030656	1	143716.14683923585	867.5872951284614
259.5634267545146	1	14194.316101220193	872.3034262047423
259.0953034328283	1	25010.689100281237	859.1643169939755
270.5809118115226	1	140157.79631744054	863.5560040751159
271.56705962311304	1	12846.294159796827	894.180537965522
271.06510232084	1	28003.52069672209	861.4636060242193
291.10169967509427	1	136367.6931122777	874.5446781297758
292.1181619546145	1	11433.263517918114	859.8378087560626
291.6003208016781	1	31527.723853982025	883.6135085860808
499.09747228213837	1	145549.6873774918	871.3695565522087
501.1203072769686	1	12747.453941483987	866.2190787992852
500.1022397411521	1	26038.396579197386	877.5060536132654
516.1366285726219	1	142625.67588609725	878.7357826945091
518.1220464920918	1	12137.42303146284	874.6099094604089
517.1389704786726	1	25186.83443223567	867.5179022655395
521.0809366779105	1	144518.41215219884	872.0236807420106
523.0750899986987	1	12743.952317324536	896.0651020735656
522.0782846053227	1	23031.70416384977	869.418073043058
531.1360556516014	1	140638.472500032	885.672474975225
533.1323939028142	1	12953.694248619899	865.2422960240792
532.1686937515232	1	27001.576977457764	884.0105430636875
540.1439537033843	1	141443.68610890335	870.7939337392299
542.1356442145216	1	11988.569871259122	859.7601420948118
541.1475655348963	1	26992.787419126656	856.565795441102
562.1238216247405	1	139530.7055937616	875.0888514382589
564.1304380382257	1	13175.623758089992	870.7983806684557
563.1325124953921	1	27608.902130580755	858.5336202591043
581.1511796588554	1	133731.10907773802	853.7160295610574
583.1651600714378	1	11382.6180924438	853.500448640754
582.179306093631	1	28551.18581908561	882.5463275404855
997.2463188063138	1	104986.24261812684	867.515522373849
999.2394498450676	1	18769.181359404687	874.2830167238405
998.220382641148	1	37631.74165831812	878.2200506006453
1000.2307781051651	1	7480.019887999648	859.3858287172927
1019.2312067992781	1	105991.17691056899	879.6833284823141
1021.1996138917843	1	20177.99677320236	863.6119556477283
1020.2141385442827	1	34944.733463201446	865.6270548233242
1022.1947756952152	1	6785.4052259179325	866.6098789341097
1021.2148923956372	1	5953.91489343309	872.136687982825
1038.2721047943912	1	101299.41953565512	853.8376751497353
1040.2571805373454	1	16649.766076034335	870.2303996545106
1039.2549115585782	1	36588.56847226364	868.251833727311
1041.2446241948116	1	6054.709552684874	872.6328658151075
1040.2634003468513	1	6356.366682171753	857.4505551986414
73.56735948572047	1	64955.999763207896	1129.621050221131
74.07448951400414	1	6554.174453519041	1141.8705647719348
82.0795427923963	1	68029.32967187901	1140.6303526381812
94.09269021933855	1	65045.01415019731	1104.8410677476134
114.62022295246908	1	63854.200346372	1134.238856798796
115.08958519562299	1	7526.419829441231	1149.0671909674609
146.1114059485935	1	65289.33027241571	1111.041798683134
147.11929860526462	1	6334.303781169996	1135.500838145899
163.1510080553475	1	66078.38245893334	1113.6840504390052
168.1114776978946	1	67245.3728983134	1125.1994312651946
178.14722221862502	1	63892.38633523717	1126.06268316088
179.13269392356912	1	5587.764053189516	1128.5517269970783
187.15088389072622	1	65577.39633531551	1121.4510578693437
188.1434024514088	1	6382.729961989013	1126.2838274487603
209.1636898459731	1	62046.70371225687	1128.598154426078
210.13506968788795	1	5386.630713754234	1126.4211388788344
228.19802068094387	1	63909.78188251035	1101.1627340298865
229.15830736557874	1	8675.736964704327	1131.2183542739328
291.2064041475102	1	60891.198822723025	1136.7617636619068
292.2269471169687	1	8273.731568052308	1112.8557929124142
313.1824621539501	1	59645.60251440766	1114.189695532021
314.2254864821508	1	11288.819604199085	1127.1243206093507
332.22540466615646	1	58985.2072051334	1104.0552786651663
333.2565903297194	1	9782.277693020102	1119.6014125613947
74.51331436956217	1	37110.522433431375	1126.4959980955966
83.04913114641559	1	34532.58936123486	1127.998863447505
95.02399048863289	1	37053.03256969822	1116.5615641008008
115.54597212838831	1	33157.30829761181	1110.5248720271159
148.03737975546414	1	34648.609363739124	1088.3763491767636
165.07307125562667	1	36410.29081918566	1111.756081916314
170.02441461887238	1	36535.60634042669	1104.2868619958483
180.05328765619666	1	35206.814701946554	1119.5272039862296
189.07285801862776	1	36251.177747156136	1144.3591923688793
211.05463950669784	1	35837.5621821118	1090.5876586803045
230.12639508820217	1	33208.597233262655	1120.984318686608
295.12710111906165	1	33744.03967175561	1115.0529626717685
317.1211190872337	1	33085.522357438385	1143.0355084026228
336.1503865288873	1	34009.38988274517	1111.4193622228815
337.1146431025764	1	6398.903160945405	1100.8944369355738
121.03582780777953	1	87808.29692306112	724.5052872971592
122.01376480381523	1	6804.013341234058	736.3130811025997
121.50452713231117	1	7519.5433373838	725.4806112652282
129.52037357471113	1	88965.61254275522	732.6151988464444
130.52370811006904	1	8076.696994389391	715.651614552378
130.0333328860457	1	6750.144113801807	735.9960042613172
141.53648266372198	1	87547.96380255502	705.8388442181327
142.5385344880381	1	7429.390498875441	705.9694384060558
142.03327056896336	1	6089.328985647651	728.5364923387151
162.01843051294603	1	82997.02791620417	713.79251109492
163.02334577479664	1	7333.970213302299	700.4983132143635
162.54453389062417	1	9590.66581594825	719.9646944206143
241.0548128822707	1	88179.80220411983	713.3336418133724
243.0334888892572	1	8300.76933691424	748.5880071902317
258.0537683129407	1	88921.07921355736	706.2982012581398
260.03724243091	1	8754.509329566605	737.7221482892677
259.090227877671	1	6401.614645885843	714.2320334505337
263.01885485882633	1	88791.61530344107	729.4884154209009
265.0111952453981	1	7029.022352668271	713.2851181693384
264.012202638939	1	5713.576645497853	735.0968638067139
273.0796623266634	1	85829.75869382439	703.7608249423633
275.05571204179034	1	7786.038745061942	690.1729017423239
274.0553970793452	1	7091.329520871662	712.8256937460945
282.0559074080565	1	85499.11287112357	709.4561514850124
284.0643416208169	1	6765.480941065623	730.5454525990482
283.05294451235835	1	6531.215578918206	723.8494829668155
304.03921613473483	1	87329.86194494067	741.9604992156811
306.0545127416915	1	8102.005229493797	728.9106397379761
305.05767903489965	1	5801.913264477715	716.2746546127541
323.0859201647228	1	84226.74585352269	739.4658812648684
325.07398641335675	1	8448.628271646465	726.8834278169546
324.0963063555036	1	8772.945113919262	723.6201072098314
481.0502763010215	1	72746.71043220186	720.1539371854386
483.0578455441739	1	13289.345444377972	740.0595607700317
482.0538772633976	1	10200.378156967858	707.6082545662852
503.040964569615	1	74019.69421819646	740.8594541321874
505.04880209606415	1	13535.705852516146	698.2057166452412
504.06198793306544	1	8293.480186110544	714.4163939449352
522.085458036829	1	70517.23963826933	734.8736261302715
524.0821867484776	1	13145.194969144253	732.1351261871671
523.1254762675052	1	11357.786502959543	713.9727511768887
61.99370295500388	1	115394.43066471169	678.9362715280115
62.54014613502343	1	7886.958694771323	685.2898430912763
70.53668833763435	1	116125.0620062614	644.6539804579346
71.06047570933727	1	9609.269110539944	657.1844629857244
82.55552764314656	1	111970.88130576	659.5875678058079
83.05941103226918	1	11663.249239516257	658.937995592201
103.05296467039804	1	109727.23655931775	666.9359251962078
103.55127197284271	1	12851.02586815139	701.1850988981938
123.02189856791333	1	115377.80607296804	668.7647606590353
124.03424630755177	1	9046.16575772552	662.0904931983522
140.08279052592025	1	115512.0692170567	692.0808666314032
141.05682982982194	1	9078.654899520365	647.1557346986077
145.022699401786	1	115046.09417186017	652.852732002198
146.04185853684817	1	8615.762705100251	666.287564048662
155.04481735359948	1	115155.95683195037	681.5268043537495
156.07518571616546	1	9812.575959214386	666.3320027543891
164.0817787167263	1	112278.55059130504	668.7556735007902
165.07294807795253	1	10714.10340312273	657.6959321976196
186.04315271727273	1	113139.93137372211	673.8537833251207
187.0671039978498	1	10015.922511328741	670.2937729690776
205.09248632024998	1	109982.89300578619	655.4695001724715
206.10272913103802	1	13285.343474237718	665.9419430915904
245.04993841677208	1	107318.02817954408	657.9986038800348
246.07330188520444	1	16956.491174981824	671.0403163118689
267.07162092732534	1	106867.84532568764	677.2612433041285
268.0768320841166	1	16762.330299297224	676.6955992128162
286.1044625697548	1	102557.8726580232	653.1415273890686
287.1168177438139	1	17990.391200542756	661.8573635793156
102.57899145632405	1	135815.2131220632	1257.1776269092738
103.08888512834004	1	11856.093410416808	1278.5332821909606
111.06839510599883	1	134575.63391338146	1289.9949416725772
111.5811228883904	1	12575.01731394512	1254.244228320128
123.09802141051772	1	131825.81605049202	1244.5114678957743
123.59025954789156	1	15544.617120392593	1269.5488728565415
143.6008640595728	1	128236.0561223855	1258.6682600418849
144.1070888846538	1	18875.074254228362	1264.180150489385
204.14462828036702	1	136138.41894685928	1305.5307991705483
205.1362238358131	1	13370.2807576423	1288.9890434577826
221.13938550435438	1	134859.29099188445	1261.215132955779
222.14645878566148	1	12669.71557039991	1275.8292962298044
226.08953831580067	1	136441.72849072373	1290.2348830590083
227.1085102782853	1	12612.222644180169	1267.4790857433711
236.16573253190458	1	133281.45259898482	1234.5296063638427
237.15744409786296	1	15180.657352483488	1256.5330267898182
245.15121583362017	1	130988.8939224942	1279.5002215201423
246.16184000303946	1	17329.153933932124	1282.1052165496806
267.13043020810454	1	132794.46312845533	1279.6693887657143
268.1171661369826	1	17191.476400098305	1290.8667191080444
286.1828873371911	1	128423.66425839778	1257.3526567757347
287.16301504044264	1	19492.925306928828	1273.0030742048518
407.23178034862764	1	119552.93285317153	1261.275025845115
408.2603070293517	1	22685.073155311933	1254.500547563947
429.2447694065068	1	119032.73800467134	1257.8410486725152
430.22405893562353	1	24883.641609046314	1272.8236812606283
448.2758685372874	1	118253.82785528174	1263.995697119757
449.25028933709655	1	26626.70669843656	1281.9782022953084
104.53719052643937	1	315928.7345061706	838.466235146375
105.55787475575659	1	30553.435442587583	804.8694593250843
105.02489886298031	1	29256.488486381444	807.2179649020583
113.04091583036508	1	317030.33920965606	801.0767236472723
114.07242341482468	1	28738.3470892531	825.4648880712417
113.55347256059224	1	5716.14825417913	829.9947054125306
113.56979880613704	1	25388.89195749124	832.8717690354149
125.05540369292565	1	308545.9620832573	818.9516261230542
126.06113009152918	1	28528.206298475016	788.8862872494057
125.53833174821081	1	5512.268818772083	805.8301609811127
125.5766219727335	1	34339.78464421964	825.0450389699064
145.56649164130684	1	303005.8485134995	808.8348973828164
146.56615397710536	1	29147.91584325022	799.7541406675931
146.06562241067297	1	5359.384681402769	808.4908514227574
146.07259010716984	1	38839.851260729745	818.7363728787928
147.0713390502309	1	5543.522740967293	828.208404899392
208.09055564960784	1	313827.7298499701	803.0593576892693
210.07765638031114	1	28335.953302430036	828.1252079925877
209.08878949837106	1	27909.69154328778	834.7466007686669
225.1015109919618	1	317038.1453696724	821.410604302559
227.11132757428686	1	28685.60169897581	799.3418505287073
226.13108507795042	1	28558.558473536952	843.1841794084472
230.0402686603676	1	316686.8208037794	777.3638776063124
232.0690710977652	1	28198.06174544539	818.1123216836252
231.05702906027832	1	5038.70402259331	848.7882410687978
231.0759559808681	1	26822.69537459745	793.2066532153734
240.09853010296985	1	311545.1607421748	821.4589236619571
242.07585610051626	1	28476.28989686187	802.7969710929164
241.09336709934598	1	5104.051586638976	800.0313396906427
241.1039498672979	1	30875.21730315461	809.819309914481
249.11089903107992	1	308053.7350071651	823.7071357592519
251.09818183615445	1	28011.053197833968	823.2583008923453
250.10926973458115	1	5965.250913027228	798.4998921136599
250.10155355124976	1	35070.59835448163	831.029791154062
271.0996439726913	1	309336.90305265825	809.9343515465589
273.10515016434636	1	29108.443944185554	823.8196206731379
272.0909951004994	1	5633.245680652772	827.2465488055323
272.0975427559581	1	33433.44184593947	832.6836263430591
290.1460266008975	1	301851.8939197386	851.8972560930761
292.1119647607932	1	28599.095927248658	803.6360065095613
291.1489187382452	1	40161.5726791577	808.816422259325
291.14503001786875	1	5319.262330103724	798.6752372735464
415.18643301173	1	259345.48918923375	821.7034243098881
417.1217776841675	1	47550.86393053355	818.4719186995568
416.14478536098613	1	9768.82097800447	824.2206331016861
416.16559463909743	1	46090.241377604776	815.0262097009605
418.1381435704174	1	7898.509584545506	809.7689858908788
437.15933362505865	1	261191.35621512088	827.8390673552951
439.13474598857033	1	44580.14293703206	812.1628254540382
438.1160367622726	1	8694.699654717355	809.7609872474236
438.14101485943957	1	44331.106374559706	837.8795432689046
440.1304877044337	1	7507.778562530958	830.7271208999272
456.1845162502098	1	254018.66198605575	801.5050484184703
458.185501594452	1	45909.63811045075	838.2172938078611
457.1770880089541	1	8219.990664695302	801.5626417092558
457.2135315252027	1	50354.58690555395	798.7998543823016
458.19333250631473	1	5045.419581188506	837.5271990389481
459.18199795673286	1	7292.334562025264	809.8864227027433
66.03229203985943	1	17338.43677688633	929.6296007184388
74.53272117194172	1	14864.747296218367	933.6295920259196
86.548471403055	1	15166.720026899973	927.8343770745139
107.03412535634499	1	14532.726985052861	940.4393685119003
131.00686666896837	1	14760.796066483656	934.4642579668312
148.05513589838242	1	15744.87941322812	935.2315402752715
153.0314825777314	1	16542.53493899539	897.3295624074831
163.04686850034207	1	16708.909254941307	919.4220067674913
172.05684950846958	1	16293.729760988834	910.9832217641243
194.05269318723168	1	14403.604811012821	927.670680120842
213.08893878859092	1	15944.151286018912	925.9323737475718
261.06548338705716	1	14097.679521731403	908.875293717336
283.06540327167687	1	15462.52063247603	942.3319476523297
302.1047145336539	1	14740.41236418313	936.5019514439496
51.53854473691106	1	299177.6405505558	1531.9105506348833
52.02860303852736	1	12216.118227644081	1543.7141257694714
60.03688296558643	1	300897.7635677568	1548.4344339901377
60.5627232131728	1	10712.93903266314	1552.0401225895625
72.05292454827135	1	294145.13510623167	1543.855363682087
72.55595864389602	1	20582.115306012627	1544.6737565918584
92.55019507888132	1	286190.5379160824	1553.1053730164642
93.05291621410315	1	24240.38360514526	1559.5988092915634
102.06660198273035	1	301880.50925616984	1576.5883748445879
103.05018217411492	1	12293.806298873222	1554.3022053073905
119.07677408371843	1	299731.8032654084	1565.327253889522
120.11114182614529	1	12461.720173837166	1523.1385704130714
124.03442710845302	1	301044.1546137938	1541.0739395907954
125.04002629417977	1	12588.975047919103	1573.6083248389473
134.0781910335054	1	297065.85316419974	1564.099719403299
135.0931911114322	1	16378.142417140796	1530.8154115959117
143.07736542154447	1	293821.4337283882	1526.8085121641807
144.06284479171717	1	18282.664299760057	1528.184651458566
165.03713676259108	1	295874.462439872	1538.0931136653826
166.05684645359113	1	18522.537534479638	1543.9166596414366
184.08584571632352	1	285698.1185004827	1560.4629479171083
185.09022791401603	1	24920.58265730945	1544.7772999335823
203.12129482572087	1	285156.44956806937	1541.9432863226293
204.1029115320179	1	24872.889857367263	1528.9446667953412
225.0890942101114	1	287393.39610955794	1556.1997381190636
226.0672757106362	1	26317.55433825737	1529.6278148413894
244.1177708166351	1	278720.4119681249	1531.0015467443986
245.1307209363321	1	28111.65087919148	1538.9674357899366
89.01264671741632	1	29369.501569703687	786.9119322287568
97.55226408028584	1	26930.407288614442	794.7697946625498
109.53683519658539	1	28189.98829370061	799.5546155945462
130.0639357841834	1	28776.430579592867	790.0125950213749
177.02099279135118	1	28131.01403305499	793.8008683844411
194.0688550883368	1	27379.915147827458	781.8687136435053
199.04249836788696	1	28263.308436660787	790.7194568647943
209.06525749730272	1	28225.051599691433	787.4443258709896
218.06056192745734	1	25945.80786721117	788.0086620021772
240.03529621574177	1	26608.185498985305	786.9166524989496
259.0961362101077	1	27523.01958610891	765.7904337726451
353.062830135009	1	26162.043234690904	791.9309590333081
375.0223663838262	1	25983.854550351385	801.3207534627389
394.1067290680085	1	25919.174313893644	796.3709735264542
94.00362162262559	1	35960.50715613453	716.4236214409846
102.49564798709895	1	33895.78672600668	733.6759052123333
114.53447051541465	1	33985.5478259915	711.0612015542484
134.99425326700248	1	31594.787915891287	739.7771385147112
186.99948423329232	1	35731.53775316862	720.4193258243747
204.05506103732847	1	34435.861433052465	700.3406800891865
209.00539588193246	1	35845.43566192581	712.1817275215637
219.05068461980116	1	33664.326615139944	704.4509183577873
228.0023997648134	1	35855.732185036104	705.7977269835426
250.00060103593268	1	31917.938660831318	719.267369558255
269.0729037310745	1	31921.041283037834	687.7981339938964
372.99135611098666	1	33142.48292093899	707.3457489598974
394.9708675909601	1	32979.70657542351	718.6080955764719
414.0125567125363	1	32217.74139894564	711.5573292065686
76.02483986236987	1	205228.37587670475	999.2852697405758
76.5282203508123	1	11383.764521500056	999.7602082143228
84.52981437990609	1	205591.52350170014	981.0832812550786
85.05796668808452	1	7801.32924929225	1001.7060671831008
96.55536602913352	1	200158.53997868096	984.8418130338738
97.04349733496718	1	14144.64147561889	991.3561255118846
117.07316740837697	1	193641.5741260578	996.0020182208474
117.5409902635345	1	18513.998647562978	1014.7911274529283
151.06007695560012	1	204949.6028941002	998.5626251530899
152.08818073086167	1	11707.04124525472	1010.4530647875534
168.09902858198913	1	204708.30224433975	1010.2693953930158
169.09279101822688	1	10688.745937000223	993.266598186058
173.0460043418808	1	208129.437912295	978.0539285391687
174.0853799853117	1	10127.821692220487	1003.7172712495211
183.0905020776718	1	203224.25658885355	1001.698231494258
184.08130934108823	1	11014.710718579572	984.3513263871898
192.05083906527983	1	200809.79537222598	1022.7111696360417
193.0858023270595	1	15662.226644280308	1011.836208845786
214.09597683596962	1	198776.73379101188	971.8191262231879
215.05093089783995	1	14343.817337735323	1009.654659914533
233.11617742473658	1	194528.01295033595	995.178200870543
234.1247256868763	1	20553.020065428416	1011.1144029936644
301.11360563814804	1	192768.190645021	999.7187757975922
302.1336574057407	1	22321.146167800558	994.2207114115434
323.0846432829518	1	192189.25460638347	1021.8997768266833
324.1111035517964	1	20565.406933084487	994.924028261938
342.15221554314894	1	184953.70372974564	1005.3995028167694
343.11266946621004	1	24292.265834210833	1000.1561923143686
66.55532259716647	1	54682.980267278755	1129.8660097512063
75.05511401683243	1	54328.37351947357	1157.4782368586834
87.06345855231548	1	52602.92879667554	1148.8734704203387
107.5635584619769	1	50375.8035325276	1131.1146382225213
108.06389509949176	1	6660.050306748541	1149.787024055868
132.06833990263107	1	54385.47331642957	1168.97115062716
149.0934678282902	1	54871.53594930451	1144.6635354623097
154.07052835600078	1	55465.35133743662	1167.086720327495
164.09145007260983	1	52916.1334080107	1158.8511016200282
173.1060685675444	1	53625.33015674591	1137.6799015152558
174.09007758167755	1	6812.515553523714	1133.5426602862224
195.07987045405918	1	50956.00200315057	1154.4721337316294
214.11518309226543	1	50539.045095190595	1141.1987213990667
263.1206136591954	1	47481.24715535942	1157.8494402895324
264.14032705430543	1	6099.661283618786	1143.363340180049
285.11645725681757	1	51407.15532502553	1152.51707393722
286.1361615395163	1	5708.876237475694	1154.1038818439201
304.1252725474872	1	50127.341469131235	1156.1352245637906
305.1441877553641	1	6369.496152310904	1146.6487213237288
68.5255950437894	1	60659.85629473261	1190.2145371374697
77.06346621854593	1	61161.881079209794	1185.326986811467
89.04117322528133	1	59802.34897412138	1201.083938741159
109.56288835373654	1	57926.61973230725	1194.6605090913688
110.0200442418463	1	5159.370157125232	1193.737461749438
136.05990409480793	1	62402.90154038521	1186.920063476509
153.0901871862697	1	61526.591638511134	1210.4147896992768
158.02455648883358	1	61353.85185210706	1175.2076770477963
168.06892234401766	1	61992.581560940016	1194.465845466967
177.07462123967383	1	59346.311731914335	1153.8172576051313
199.03070021489995	1	58540.264258206254	1197.5617514148107
218.10795034386797	1	57960.79052348805	1198.810103422235
271.07042219871266	1	54854.53320336905	1181.04564249182
273.10546550304014	1	5892.4912095438485	1175.0120029582422
293.052870239828	1	56252.38419165477	1197.4117039433465
295.0568870847704	1	5338.0720327497365	1192.7503962933476
294.08493900984814	1	5609.762885096463	1185.2503345150112
312.1166346313932	1	53806.53550452032	1205.827831781301
313.1191228552416	1	7400.9389798236325	1176.832658763676
50.01180410422485	1	79635.43614702686	1145.9085215447521
58.52114763573598	1	81422.93189767536	1137.6602612489849
70.50114962450952	1	78330.48717809502	1146.5384258120723
90.98971704492801	1	76989.43905073586	1157.020672815655
98.99302509349587	1	78695.01657401196	1141.076203919033
116.02439189607679	1	80522.06410271251	1159.1839178442285
120.9701237118743	1	80598.10358850354	1148.194789171721
131.0226048111142	1	80149.81019952548	1153.3369603272397
140.0158009378578	1	76520.18576984403	1160.1066931107148
161.9956300219796	1	78619.20895600169	1156.8303858539625
181.03246985351555	1	74813.16007963297	1167.2833041306712
196.9789947754802	1	80378.6627241363	1154.7836414628214
218.9389620040402	1	79129.33452249896	1153.2354528149926
237.97957020078803	1	77089.66641620322	1143.130370973624
154.5439632979303	1	26336.219160031305	688.2989135882434
163.06596536819958	1	28318.063427952275	710.1994640486494
175.05200371388997	1	25574.023496780617	722.057732613118
175.56170436143856	1	5213.655823081434	689.960480639403
195.56022204582877	1	25349.95865718294	679.8292197819393
308.07758288240655	1	26954.742865182212	727.5466830690006
325.08989801006334	1	28098.132885002215	738.3459217373398
330.07460871188954	1	25894.521198046146	712.5224719291125
340.1049370771868	1	26402.28355633366	722.5892516085421
349.12080836463923	1	26214.537354862106	723.0623354824651
371.0915163816188	1	25652.637309984806	708.6044470691972
390.11222476691046	1	25516.58056867877	692.3074520300262
615.1691907582111	1	22092.511359295244	743.5260205146849
616.1785633143711	1	6228.330100942276	706.627374537191
637.1559879012117	1	22575.465028087925	703.8236825289968
656.1759710612154	1	22266.559908948995	721.5163944524161
657.20386177809	1	5259.086561268975	698.3288608187285
89.95335676347985	1	30483.883176601685	755.977089218249
98.46984637903748	1	33626.579437067885	767.2005567230897
110.51002588099477	1	30681.53783339104	753.4925119145113
131.00170371725932	1	30029.959276602865	749.4287245516146
178.97409979140212	1	31002.198334149714	741.7438242250261
195.9716611405981	1	32062.8111192378	776.3045855442398
200.944640172636	1	29008.69364398575	765.4206187562498
210.96667386964288	1	30729.17807309865	735.5636156774949
219.99792291642416	1	30855.200183510235	760.0393697780826
241.94555932116452	1	32146.47479223083	745.0929680251821
261.0254319644545	1	30512.26156192369	759.4701293272194
356.88125045434833	1	31961.880928407598	735.5751052685664
378.88312196989057	1	31485.498045695964	741.1140507162053
397.9108592704851	1	29900.32941338262	754.6635709574191
119.55525400753744	1	89656.25742126601	1263.2738073802973
120.05112492689256	1	9414.748880066692	1253.9175301884784
128.0472138746033	1	89125.23722735645	1280.3297194853901
128.55286412533508	1	8941.862867918899	1250.4462110476418
140.07779417395665	1	87546.55854637978	1253.6796500233693
140.58301229185267	1	11819.215811467553	1236.6806880223135
160.5739352897606	1	86107.67408154102	1243.1403096776935
161.10469617584127	1	13542.633442031689	1237.3278565560431
238.0785230473711	1	91199.14584101879	1228.5722108176417
239.13410334354444	1	8512.348940267064	1251.867384850975
255.13946221053723	1	91022.28288849782	1265.0331436567665
256.10655338933185	1	7261.581957549503	1257.4161432986527
260.08367457145096	1	90918.62596090576	1255.584846996707
261.1059862415132	1	9581.715334565924	1256.6217792690934
270.1042206782787	1	91635.17707949999	1251.1950609381245
271.1376365391126	1	11000.589775776161	1222.8131702893534
279.10927231808085	1	88967.2768961285	1252.8964289143498
280.1120245496703	1	11411.303524564271	1246.9180419788797
301.08583089720133	1	88236.85545447026	1286.5548478862247
302.11287543177536	1	11612.601129736111	1243.9473151877928
320.1399388654353	1	84461.41579160935	1249.855619042031
321.13884987022124	1	11039.95470367246	1245.564291331154
475.18791898466185	1	78047.83218521735	1242.8254237366677
476.17051850249294	1	15806.808651651689	1233.0463098811097
497.1361112567362	1	80531.66806514945	1262.4273918179754
498.17307447084926	1	15480.399105690927	1222.450874467992
516.2033783929954	1	78793.67915599082	1240.1423375336888
517.2261626168812	1	17895.375038599916	1271.154860198385
214.04866525869448	1	53897.440916549924	1596.5713911095152
214.58656481850335	1	8735.477703527396	1607.0451992232058
222.57958006262618	1	53953.62228026219	1628.1971494651843
223.55492443757274	1	5931.764046356642	1624.4117908540206
223.07743618278033	1	9298.611553482937	1655.5475188097791
234.5597073214369	1	52599.20146416369	1588.100674527316
235.06005838030737	1	8824.394040086072	1636.653113384949
255.0481327018413	1	51404.95557854726	1635.3970143893116
256.08504590560415	1	5558.237306856573	1626.7963174060792
255.55302706672245	1	8695.946858313038	1620.7968329571697
427.1008416640169	1	53309.246696070266	1619.9132206285883
429.0992421861963	1	5069.646277873784	1610.4883877647198
428.08470078196854	1	6363.319624987527	1619.901964942142
444.0924439837667	1	54942.15954377193	1625.38303393865
446.13161769551994	1	5620.913383024723	1629.5787228858965
445.1371309233066	1	7481.783937395176	1634.9991724622557
449.08022460472137	1	53308.103878004134	1644.7770968779682
450.0860426525054	1	7393.986542299426	1624.8200251809203
459.0972225333168	1	53441.33331613235	1608.2625858896038
460.1326431716205	1	9542.053891261832	1626.3425432421213
468.1304611536256	1	51080.171668832605	1601.0396502243523
470.1296342435744	1	5094.662843795554	1619.1618530348424
469.1197317687572	1	6631.157428245133	1628.7634800572275
490.0901169070311	1	52588.957413527474	1633.4361032455254
491.10791103722363	1	8192.816657326292	1609.0266057391648
509.1473747590024	1	50296.15409424683	1651.860296827498
510.14690239435254	1	11383.96775261161	1614.9898250212345
853.168833261055	1	42522.76084863081	1637.9857807437522
855.1608555399554	1	8781.292165874547	1599.74633543114
854.1712058644999	1	10319.400271171753	1623.3570953360033
875.1589385791245	1	40668.31503970668	1636.4317737829542
877.1599506640613	1	9549.162418545606	1619.49886543109
876.1797228433402	1	11037.23020746049	1596.5326342196568
894.2115638032784	1	38763.80136964005	1624.1668533000745
896.1844798119427	1	9100.844456122068	1619.4393890790725
895.203112575174	1	12674.794509235386	1639.8794399127592
77.98422675210894	1	40812.893886822974	688.6478558266484
86.52889802500545	1	42194.3905588035	681.373797928281
98.53405371810939	1	42630.078717945034	712.1501180376828
119.03897516986132	1	40021.52441044912	716.4842457437348
155.00183525379714	1	41930.203888570715	717.2978733013044
172.0371625233863	1	40337.299309169866	712.677170682948
176.97943036510264	1	40845.79566835701	705.3577391669854
187.0422309075075	1	42509.498512998085	706.304746095683
196.0391645991482	1	39540.24606662076	701.2648801393543
218.0337349080808	1	38718.197308993294	698.9887613092767
220.01973258327826	1	5324.750558242883	694.3462438015476
237.07727470629857	1	38331.65054197415	708.5406304561436
309.03485029311275	1	34050.36844976164	686.0541989876494
311.0014052710776	1	6409.451794860897	682.3737287768885
331.00806200706114	1	35276.56474829793	654.6932284655311
333.007603407206	1	6841.401670902244	702.4596839559655
350.0216727714735	1	35972.8406627305	693.2275676962977
351.0562466474123	1	5072.372055208016	679.5916243161564
52.01735381043909	1	142770.05875967143	1238.3748326255575
52.51901636021306	1	5646.780797072837	1239.9532559544955
60.55109541663367	1	142438.66646305306	1239.2169724250516
61.0145160083791	1	6008.370221010409	1243.4349005380316
72.52191981242527	1	138247.45715639036	1245.0106498414884
73.04188321594319	1	9052.372281021206	1236.6536393250747
93.05301763987656	1	135116.9332187954	1244.7227491966935
93.5719426762234	1	11272.635102742714	1235.9019493807348
103.056812549457	1	142111.5869141937	1220.0428483005633
104.03968396511947	1	7515.8732343988295	1226.91109573277
120.06827085103077	1	142447.68901241102	1242.8665832911936
121.06729372154399	1	5289.4677192061245	1238.948757725159
125.01746888455114	1	142816.10174157552	1240.6890923106625
126.03759538628535	1	5419.981875441393	1251.979227405954
135.09440892470107	1	139149.87165422345	1231.7606313324945
136.05535372531622	1	6831.696671063837	1228.3201900229178
144.06525585768557	1	139536.36653351266	1242.0915436869511
145.0652114659605	1	7869.269335706308	1217.738774711538
166.04947444564866	1	138703.73741675523	1249.5164867487956
167.04952313118883	1	10160.238523336426	1220.055710198388
185.10230805764226	1	133388.3052482653	1235.8313389515047
186.0931282575484	1	9597.905300956083	1236.3241063236119
205.06724325637862	1	132866.13797413182	1225.0977512917625
206.07404097539285	1	10804.669236005711	1240.9379665415586
227.05550593220298	1	134611.69149809025	1246.1065365361292
228.04564442376164	1	12200.37333779712	1254.2353814678036
246.09769157016981	1	130013.70869311325	1247.5114762276621
247.11567307246503	1	13810.863006522903	1244.943077128588
88.00260347490239	1	26201.54397600166	1416.1695316159244
96.52252987626782	1	27884.210457930723	1417.0372151232243
108.52918475015763	1	27637.064947416955	1399.1141561889021
129.05605428621126	1	25146.597305927582	1402.5517826157047
175.01746379230835	1	28733.244403659573	1405.7037827936356
192.06389823714642	1	26110.32327900197	1389.189567881832
196.99620381053828	1	27291.068660620695	1386.0113424063293
207.01672244162904	1	25505.820589234576	1388.7738749310734
216.05056376305856	1	26389.472740194917	1378.3617707822048
238.05319007544188	1	27870.294581726084	1388.8537632840623
257.06647216970373	1	27481.89507297737	1417.100631609461
349.0232959993404	1	25076.57027737785	1409.371412920686
371.02091545984086	1	24957.872283491008	1401.337233635641
390.0645340307654	1	23693.79599366606	1391.2191504198597
126.06330234032268	1	53200.392595008016	1156.6948841386345
126.52771943014959	1	5520.28059772959	1123.8325842720735
134.56706529993136	1	55544.741755651805	1155.7072367420208
146.5540981949815	1	53653.44577149825	1105.892381947497
147.05715676816737	1	8784.81412679093	1117.013376599847
167.04229833198545	1	50733.607144892085	1125.794895508396
167.5807657784675	1	5577.227667913299	1139.7600463828524
251.05310216258096	1	53960.93316379429	1138.0231914978017
268.085873276105	1	53432.77641093306	1138.7213965266276
269.0754469204462	1	5044.038634754739	1125.6141296233423
273.0519852328152	1	55586.481833126105	1101.7205433056356
274.04456746327065	1	5319.370214534698	1134.4890934160337
283.09664402610207	1	53377.43449335548	1137.8614901619549
292.09286825850063	1	51944.63553760256	1137.1965082613679
293.09705747170386	1	5447.635323654145	1152.7701878022347
314.09174830554093	1	53065.89650475111	1145.8194436170043
333.1290053196584	1	52286.097816136746	1153.6466104254498
334.10737508845983	1	6827.27381384083	1118.8004514926529
501.1406094390204	1	47076.07658177451	1104.0853169994245
502.11542831348777	1	6231.742376306855	1146.3046049303427
523.1437805427697	1	47197.463041162126	1129.3937477045808
525.110362104294	1	5132.581143120714	1135.9586941071695
524.0997942664748	1	6875.050571163871	1108.6231818936121
542.1626770475549	1	46129.708064779414	1117.9447241026164
543.1790928022457	1	9615.887426887477	1129.9742748445667
40.011171845729095	1	133552.97580476213	1194.628972892418
48.551814243670606	1	133503.83192514337	1185.705357616456
60.54841111366151	1	129352.44212294617	1199.321227939936
61.49623289175472	1	6661.885708526061	1167.1838987980245
81.04738808073046	1	126483.48264228902	1183.8536997635424
82.02126328072208	1	7252.06790634199	1200.957655046143
81.54848705291859	1	7659.89214748612	1197.9303004676935
79.01682688525977	1	133692.18694473864	1191.6859152188151
81.02723689930104	1	7261.190436678779	1198.2528160984443
96.05037367729156	1	132589.93464826763	1174.698784536538
98.04393672913726	1	5283.568531885493	1204.5995193093925
100.98706832886887	1	132910.6819403745	1197.6313886038693
102.99863488554932	1	5771.184867137048	1176.6247321000894
111.0703732623583	1	131278.9861149307	1190.2257118129694
112.04022424340607	1	5774.139854649805	1184.3823997244513
120.05875051364669	1	128204.01973710557	1181.8955717761933
122.01669697825888	1	5695.240271225678	1205.8481138850866
121.08904468372671	1	5339.058827846177	1179.500575144077
142.0319148046234	1	131323.06482389237	1202.532346435143
144.0148761479945	1	5130.619664579369	1182.4496534857476
143.04017795527457	1	5479.076690610398	1175.5473589215812
161.07483756666997	1	126604.77743518265	1167.5323953897057
162.08857198168155	1	7461.202315451646	1190.2867598568737
157.04017282826885	1	124941.79028939114	1178.4801437152132
159.0234230532922	1	9814.96107818569	1202.6734943442902
158.02487659543334	1	7303.242689297104	1171.7757139425898
179.01607356091182	1	122384.60423746113	1196.0345906143386
181.0255785239969	1	12247.525117639765	1180.4952405665063
198.08564040007855	1	120963.43537626784	1187.7760903529982
200.06929257885824	1	9671.839216051161	1184.8970083529066
199.05714747554	1	7904.561735828733	1199.222985767551
131.04761650676255	1	236037.2810430985	1215.8500086067702
131.53955649842288	1	16770.259752355407	1213.5473957373424
139.52471101236972	1	236787.44801651448	1191.058842253119
140.04058463973007	1	14906.64085792833	1222.8119155340512
151.53256427911305	1	228581.4409246224	1214.908193741831
152.05970924117233	1	19735.04405632809	1211.061008930031
172.06094564365375	1	225816.53536759695	1203.894528046131
172.54843690054838	1	23442.301636016327	1206.2657668351196
261.0150390878603	1	237611.5510178543	1217.8313409355285
262.0166495628658	1	15469.422358180156	1199.1873811034693
278.0737630964883	1	235708.94434239928	1237.2371002232815
279.04646535431436	1	15701.914926771877	1225.7250347883312
283.0235128390807	1	237295.91419211667	1237.2357308053333
285.0130042154374	1	5181.351726753726	1220.4580194420137
284.01806035374216	1	14870.587993025267	1211.6556554987
293.06138228233243	1	233330.01867150803	1196.6455095689792
294.07243790282683	1	17881.692012072293	1206.1234975245245
302.0595068504785	1	230238.90177825946	1230.1701426366324
303.0891852762707	1	20638.379080038518	1214.7036461851792
324.0309115644382	1	230589.8401553218	1233.0932502603348
326.0480341018915	1	5662.8085279237675	1238.649912497309
325.06426323698213	1	21052.146844374536	1222.0558719500211
343.1087820798806	1	224769.3674355448	1204.804049214566
344.085071082626	1	24626.607488482317	1198.436054215513
521.0657864915198	1	215647.7665616127	1208.6584950021127
523.0571874077391	1	7608.960540333499	1209.9673662038451
522.0803248149226	1	28226.928297894596	1217.904679233102
543.0406561808046	1	215702.1541025308	1229.6533489567344
545.0755636547708	1	9396.942118017158	1195.9761950955071
544.0429606336041	1	28579.674279471867	1217.9124358599738
562.1092642477181	1	210107.4104658547	1213.9625306936332
564.0831622170172	1	7258.45246778117	1212.0928053877703
563.1005405510974	1	32102.686554068678	1222.589985821634
103.5507833240679	1	12793.830065369624	966.4257763729241
112.05742182357405	1	11807.232378359642	990.7733816094981
124.040456788042	1	12843.964740307189	960.5479288954702
144.5453959407489	1	13280.202722982242	981.6255434301934
206.06187087972907	1	12591.713058422334	982.2483181287013
223.10722693176157	1	12893.735932389729	973.5072577006807
228.08419503423985	1	11642.691338749146	983.9547602399587
238.0900094299605	1	12912.431188078042	977.4982454445334
247.08697888416444	1	12081.356462497282	986.0920419286234
269.0542745154118	1	10774.078287270268	978.084770287075
288.1376016864744	1	13589.702132100907	975.5386985393114
411.1385488073601	1	10648.911942523806	1008.187106417998
433.10223974641025	1	10216.139433801205	979.7924350345852
452.148671862457	1	11707.274388669979	987.0800359746867
61.50897811378211	1	21764.01607792725	1009.2847466013666
70.03808099286265	1	22671.06944778119	1015.8374797199755
82.02172083517925	1	22013.42132564682	1023.0761130921964
102.54436313893521	1	22251.812745512812	992.7515783950638
122.01188544719601	1	24884.61831974963	1010.9442694257385
139.06685664454054	1	23696.770411827863	1029.0598443587915
144.00809856888856	1	23015.619115891557	1023.4629330954293
154.05868146558737	1	22915.275498017392	1008.4903423194111
163.0356649409074	1	21885.487520080034	985.699834739132
185.02957174948995	1	23194.99709005356	1017.189821784863
204.10152103865576	1	21319.868121533986	992.9602730758479
243.0449782649275	1	20268.480723766457	984.4132581892989
265.04177422214616	1	19059.444840135307	989.5469032674515
284.05385667458245	1	19222.76140663677	995.2848519239876
95.52819400870331	1	13669.347851813303	1360.6062842600402
104.0338148337236	1	13116.903917502495	1349.0741726644585
116.05574457292066	1	11824.99968717865	1337.9844801333825
136.55509660792575	1	13275.010409595618	1363.7235766490287
190.06418649036704	1	12891.793496173943	1365.2085041234056
207.08586229078742	1	12900.007104366172	1343.002816821645
212.05755637517072	1	12448.54581340749	1350.5302165231515
222.0994587590105	1	12581.034689823115	1355.9350479343875
231.05224957566273	1	13534.83788531394	1366.5794951939354
253.08283460901944	1	11855.747455666422	1349.2428784048873
272.13830261673417	1	12843.331652484729	1350.4122506276588
379.1250968092533	1	10954.854020068704	1335.5952743270764
401.1041575854543	1	11221.878437217887	1336.4562606312127
420.17573479069745	1	12675.055087847577	1342.2550028578366
82.51150121685193	1	39319.54884989283	655.7860576757034
91.07184698293568	1	37382.98509822555	657.2491092167062
103.03208037922963	1	36647.918874356175	643.298738844025
123.54270043888208	1	37451.2319604747	650.81773226716
124.05788245980888	1	5128.730557276931	625.8249517367547
164.0300780106476	1	36027.83308893767	659.2880130815485
181.06787082901837	1	38076.49095023367	650.7640265708602
186.0345396156135	1	37476.705614578685	627.8692671421346
196.05167162745883	1	36725.45854400899	646.38770309342
205.0665546202621	1	36016.98609986014	632.2481453627897
227.0273297620671	1	34909.737502077805	600.8570108459403
246.07180750490986	1	37586.538191643136	648.7663916222837
327.08270677953124	1	33575.90159446874	631.1724111653184
349.05853298374296	1	33800.8744946691	620.0236647344535
368.08316292308035	1	31451.529079163796	642.8177773420155
135.02234828998107	1	151673.6869800962	1202.6017705125303
136.04671514312687	1	15479.124316219153	1178.9946413569364
135.52280582262696	1	12977.486122942724	1189.196877006322
143.54460605081977	1	150486.925851719	1163.4345192555322
144.53146002900087	1	11825.023116106728	1174.99092244734
144.0941279043814	1	16116.41498726004	1215.867758351387
155.54013837732256	1	151423.06813813772	1195.2247912401901
156.54777905874676	1	13117.399268020064	1200.5640558434654
156.05382772331433	1	14862.490253688593	1195.767084182823
176.07095616077328	1	144813.8922808488	1187.0583968673582
177.05032368515648	1	11802.195703068619	1200.489878662522
176.55047857803672	1	19132.32068121733	1192.0059200304959
269.05658011392865	1	153036.48697703602	1199.4626435474875
271.0532680234187	1	12573.81070363959	1179.2730055085158
270.0712693182267	1	11997.817952741527	1212.4116526916584
286.1030325845781	1	151161.576585613	1194.8500463458681
288.090756981785	1	12727.31541721131	1188.3907018706298
287.06791452054034	1	12784.060615087059	1201.519124635276
291.02268878657844	1	151709.49026859069	1170.3910024134016
293.0664988236691	1	14787.448745460073	1218.1562849601241
292.0582474956092	1	13288.079589327655	1188.0582108803849
301.1013719660308	1	150402.78479303964	1192.148811093478
303.08457304007464	1	13456.558720137591	1200.776142307388
302.1057242952393	1	15330.231007111379	1210.1837837032988
310.08884016615866	1	148828.93449381535	1217.877829616645
312.0905382879676	1	12483.472357702662	1195.4193039272022
311.1141714115159	1	15771.91025023793	1191.356347700325
332.08466813640865	1	149020.00074295234	1180.4699093154456
334.0594871545684	1	12080.899503486531	1189.550133482321
335.04457482992945	1	5074.4975950439675	1177.2634591684466
333.07138597377445	1	16407.277474050796	1192.8237199293776
351.114013788388	1	144590.67052546013	1181.9225918303305
353.0823279237371	1	12277.414754254822	1195.7547258682127
352.1225040990599	1	17382.85674578819	1204.6745885283983
537.1302114769193	1	124677.7531460591	1188.0076645549416
539.1195500576249	1	22611.391840171542	1175.0166578077842
540.1121082792616	1	5518.437613737782	1194.9368241053085
538.1371601359708	1	21545.332734789856	1204.8564096627485
559.100703495754	1	122964.34440877153	1194.2956222020198
561.1166581333734	1	20819.858498014088	1190.0584941505494
560.1011157959457	1	22853.838413677135	1209.220190023863
578.1728110246491	1	120297.327501473	1201.7209225733686
580.1527795495255	1	21238.60785457406	1205.3503055079323
579.163111955494	1	22549.93076676245	1189.1236723993009
307.0915311427698	1	84086.93527960808	1293.6862355406706
308.09008238037273	1	6422.054357790569	1325.8925379784826
307.5852296696436	1	16620.258619220393	1320.7014034012625
315.5691217907001	1	82963.81317348195	1295.667843745352
316.59069842846657	1	9401.703636485283	1306.5290847602514
316.09644825816827	1	18509.29117949534	1333.0624241616533
327.5813540242256	1	81137.44403875312	1332.0580326047557
328.58840873759243	1	7469.652350830447	1305.8260837870935
328.0947605996419	1	19553.729299240316	1326.8761865432643
348.10972066075755	1	79082.36833411874	1322.4375641852578
349.0797939197325	1	8067.187255273228	1315.8316991049119
348.61182030819316	1	21046.53734362812	1339.5894236123413
613.1626583811023	1	83352.05190486593	1339.105920432409
615.1658867344057	1	8041.531241170867	1305.8817656173126
614.1801201560622	1	18595.135573246334	1298.0269783961382
630.1780889450611	1	82454.53050195686	1298.3403170832912
632.2084918801879	1	6638.099650629155	1295.144826732049
631.1961507514062	1	19684.746925379284	1333.548404534028
635.1400262242862	1	82811.31931348721	1305.8584456708209
637.1376376711427	1	9571.332028361376	1292.1577717333826
636.1296217208525	1	16167.72171384847	1316.9913692318762
645.1910687002832	1	81806.8107147939	1291.293099413276
647.1781102031716	1	8153.5078034676935	1322.9008601127653
646.1910740506555	1	18087.155307540015	1299.3965715324837
647.1657132061515	1	5047.55466943275	1276.5876546064253
654.2065424173178	1	80567.57057108819	1321.4627572595716
656.2150152797702	1	7676.043878343073	1297.098799450461
655.217278917364	1	17820.542895389444	1317.052730306917
676.1732414786472	1	80774.29357041034	1315.8734547953952
678.1524427194506	1	7607.892088079689	1321.1470274818075
677.2080200626859	1	19057.584701881937	1313.2320641427953
695.2261227377821	1	80002.53894943818	1315.7727146978134
697.1986776551481	1	5927.921309298002	1321.8349582495198
696.2250715636026	1	19479.622206246924	1338.526970727545
1225.3308639445756	1	57056.620860543604	1321.6438643005192
1227.3259667093735	1	12136.98869196825	1337.534795183258
1226.2915453883015	1	24874.506980314272	1290.9297029402678
1247.3078330517244	1	56838.4057492996	1319.5063310480816
1249.3006898629076	1	10528.045038381437	1286.172194913627
1248.2919911277856	1	23969.821062975476	1318.4356341344082
1249.2945507498232	1	5224.592831269398	1313.5942571963494
1266.3166333497738	1	54767.62203291047	1308.9868162136936
1268.3461486446738	1	10161.83936403845	1313.1042525592652
1267.3432472051843	1	24505.638876217967	1304.9024813976673
373.53815723452044	1	18388.401458360317	1057.7294286077936
382.0564693786239	1	19231.907613699477	1065.4460479454515
394.0905429387095	1	18459.564071863148	1071.0359285869276
394.5261138616953	1	5269.657663094864	1061.3533233078692
414.5894059297303	1	18117.217427350188	1065.0732538275333
415.0627581837236	1	5725.5406310114395	1075.7128238688547
746.0901758107794	1	21393.475114298966	1059.4947570503696
747.0984557999707	1	5775.101612683034	1076.2497989000385
763.1280160459024	1	21511.0841566925	1063.8740815619926
768.0812882317025	1	21965.899265252578	1075.6414148772196
778.1305930119572	1	17755.494870555547	1047.91539504828
787.1110624982564	1	18994.746299074228	1071.0230349696103
788.1204836192516	1	5024.524789512357	1065.0202137040276
809.1223995232723	1	18999.71595111304	1084.687343373371
828.1655616468806	1	17722.577863200906	1067.0081290419628
1491.1701669852507	1	14251.031789607938	1059.7312218480026
1492.1838583958784	1	6032.490223449881	1067.6436826666502
1513.1698210890295	1	14840.92137129743	1050.4133040570289
1514.1712228590688	1	8805.39328625707	1044.2154984711499
1532.2099081999083	1	13412.001159791438	1079.8323755075683
1533.245585979205	1	6592.950359818216	1079.9358299619096
333.57083064716096	1	20784.644877250063	885.4667382534428
334.0760392406256	1	6191.211966991648	867.7494841586005
342.0847572082502	1	19834.930594173897	887.5805697818257
342.59402794397334	1	6078.445534022167	872.5000748430845
354.08021209653384	1	21843.269749463092	867.1150901505385
374.626200323544	1	19089.595907975367	888.3127440367472
375.07607402516123	1	6942.774481868504	870.4924547285509
666.1293138172726	1	22929.25674295052	879.2569296614514
683.1624189959231	1	21071.65430150062	885.6529635064092
688.1129171759978	1	20867.42349876581	875.4072285406722
689.0887479739752	1	5113.721668525227	874.4002686765249
698.1600654976115	1	20714.523994080606	896.4284953255844
699.1762653041111	1	6114.713428318217	876.6938498112708
707.1566090945712	1	20758.034068135803	890.3834977011384
708.1780665735764	1	5004.545481501841	896.6467594036523
729.1455005205361	1	19492.41076103197	881.5584851244691
748.1855441330017	1	21290.91990183774	882.4589949861592
749.1773046195162	1	6219.159609334276	898.2934215085604
1331.2848572558598	1	15176.838794583993	868.8636324523237
1332.2693410359245	1	6827.597628844536	862.2947929913702
1353.2292301674863	1	15922.972044425926	863.6562530338354
1354.2220790556946	1	6909.1232608609125	895.6490454431396
1372.30279896502	1	14923.261106332935	878.8677568536709
1373.3055756485585	1	6887.574968141136	881.6236687665405
59.03123918854868	1	31553.614613740425	1166.8955464113299
67.55774752553083	1	31689.176540268436	1189.1371570642293
79.54713008661024	1	29713.328652022537	1172.5103488620512
99.99930255540737	1	29847.433352100506	1178.4984145243388
117.006121149004	1	30286.04622634639	1169.1063349518527
134.04696449551074	1	30824.173753700063	1173.4671343534133
139.0233151679408	1	31683.192165933724	1165.7300996951408
149.04997727526745	1	31052.433555244537	1187.2589859715417
158.0756897926253	1	31078.60869640169	1174.3685872879455
179.97684749898448	1	30368.5003340538	1177.8639438733753
199.07162322184183	1	29857.656729650138	1192.5734322426138
233.01179517377975	1	27511.19544371816	1173.3767305495555
255.00721809607128	1	27966.295746840195	1174.182416863078
274.07258525896765	1	29319.96957123099	1178.612416250679
85.52126363637524	1	5268.972507511547	1015.6635738148025
94.07495123125848	1	5143.763969055759	1009.6498615875423
211.1249699203422	1	5905.445513628878	1011.7938779511218
361.1222137052044	1	5705.240889232622	979.6680603732823
89.99030965926204	1	93464.24456572624	907.111434758746
90.53084142233013	1	5322.735022354747	905.9278762731816
98.53527940718033	1	93081.89791221211	923.3421024426555
99.05515857205283	1	5851.210800262744	884.062985676412
110.54925392990674	1	90845.18374212438	924.2655931218148
111.04317353567878	1	8771.85642411863	881.3501141710461
131.06941127455335	1	89999.33906860002	898.4858667292626
131.55424000606055	1	10105.6570119786	922.8042970026097
179.08358556599356	1	95456.82563084456	915.0305706881333
180.0667159586687	1	5380.717891492018	889.3514434197222
196.08651854740586	1	93675.30784106237	922.8272503878084
197.09548832062646	1	5580.6231742122545	893.8388754848017
201.04033748857736	1	93827.57791167467	907.6161672854734
202.04448616430304	1	6911.0522526023315	886.2997849503279
211.09547172460023	1	92322.54834420793	905.6709708493893
212.08864616375018	1	8630.909047062729	889.5337665684032
220.08258418981598	1	92662.831487636	899.1101849177991
221.07937245861686	1	7779.312734514274	921.9674602790479
242.05754378630877	1	91131.29385729108	907.0574222287906
243.05932372366334	1	9097.193050383867	890.1451768153146
261.1011165197548	1	89193.13643830964	912.6892477205868
262.1193412713702	1	8442.71913035396	896.5690561615595
357.0895759154375	1	84723.85304706242	900.1012632116527
358.09804205795695	1	9381.981360610163	911.1514752860703
379.1016767602995	1	87602.09512524334	887.1632945117201
380.06907885486066	1	10316.949203096008	901.7337172471916
398.109105467253	1	84391.99802030438	903.8272086441649
399.13513436210644	1	13139.452764540836	915.7210967858869
91.02896129253791	1	119391.67798859664	1217.7532136663563
91.55458160289547	1	5082.73048790244	1251.3352118229864
99.54379320782361	1	119648.90346465886	1259.575242031739
100.03626050616379	1	8710.767535204113	1246.999786078813
111.55627348477134	1	117851.3435214598	1234.4646030808244
112.0413941763125	1	10141.28714682663	1244.0525831883847
132.06685410845904	1	114406.29158515812	1256.3501925473608
132.5619280153828	1	11288.74366753135	1236.0225606191573
181.0812611511385	1	117991.09312021603	1242.0234514317171
182.0697381782554	1	8063.712744587807	1211.8741085019035
198.1215177642617	1	121422.85926139489	1281.2874061654775
199.11203392832226	1	9637.606504397121	1239.2202460137082
203.0472221465159	1	119355.83298080742	1259.529320263531
204.031357784633	1	6294.591603981477	1271.988571021693
213.10361480831781	1	120482.91136938508	1264.253177617605
214.09601794135287	1	8715.166835640619	1256.8796538111676
222.107694560021	1	116312.35496155197	1228.1049513555727
223.12436313858703	1	12276.97414610056	1241.4347816632705
244.07445024539717	1	116302.19581671289	1245.5012711312602
245.0789521838219	1	10166.31649656304	1250.8726743935424
263.0867886341892	1	115839.46583600884	1234.71128232347
264.1199671977784	1	12601.084066830701	1214.252762179868
361.13288963651155	1	109927.28945682825	1242.2566002424046
362.14586558067754	1	15067.418806968779	1243.826690856876
383.1018795415099	1	110873.65602020724	1236.7638732304786
384.1324074238216	1	15305.570530097379	1248.7038467118082
402.14673558711246	1	107967.43860645969	1248.3506099088104
403.16392739835686	1	15433.070257832738	1233.7319137614588
62.517138093067665	1	536760.2912547933	1118.6508200013516
63.03053269182429	1	33306.27680589728	1081.3601730190874
71.02596858686799	1	536236.1567965199	1103.6165176480774
71.54840254171106	1	36106.72167733422	1094.7719998508592
83.02782611650439	1	524689.2170799138	1095.243596063836
83.54399225309348	1	45034.870981003034	1086.7475177465383
103.5513872728376	1	509873.2532065349	1109.3805198566035
104.05363572720469	1	5996.079079800082	1073.3037916020985
104.05376413920435	1	54097.60951529004	1094.8311916098883
124.03548141184892	1	538298.5644649527	1103.9528962844956
125.02962859521723	1	35939.54162446228	1103.9640038508642
141.07972862287102	1	533921.7368814301	1105.8811824555821
142.07025883247212	1	34749.92148923147	1109.172405005205
146.04052668255076	1	538195.6983531376	1108.719079823244
147.01449524268236	1	36188.99538428601	1082.7127703195679
156.08243203294694	1	531059.3783145724	1091.1757367098096
157.0714466382193	1	41177.2200706148	1091.1191924806465
165.05132759581505	1	525712.4951515427	1104.42133471679
166.07471775480178	1	46806.65177630587	1073.8879787902242
187.03209791797983	1	524530.8583185794	1085.164609663819
188.02082067904166	1	5150.105697427158	1093.6153038283592
188.02923356444333	1	44900.75396433308	1086.7200245278357
206.08032322289765	1	513818.5517671597	1091.7264312196112
207.07776216151458	1	5956.424072760108	1092.7134872783329
207.1110041790398	1	55114.689346544066	1084.1581460994403
247.09355793403475	1	499923.287871618	1122.4301280183554
248.06492543134638	1	65832.97762108094	1083.097047438858
269.0435315177786	1	498855.2510309579	1099.9190445646893
270.0563387710408	1	63539.64675532848	1085.619871085444
288.1307019527391	1	487057.02563420683	1097.5701191459555
290.0800032111333	1	6260.03800328655	1104.0650497775862
289.0952612465428	1	6132.008029760751	1086.9589763545316
289.0959469662984	1	74019.73304505934	1103.5178887346917
362.6716028308746	1	16072.082275376035	346.2664360487013
363.1643803173447	1	6270.905442905807	383.86741603709163
371.1955740278912	1	14918.215701131336	393.352724295505
371.6950268441773	1	5739.457975863145	365.2244838648395
383.1630183500021	1	18129.612530259095	380.1747849782207
403.70227317704905	1	15182.180044212453	385.91638409062756
404.16765634010346	1	5807.471807571198	372.11787419341965
724.3411591685114	1	14890.980862663106	363.44423554198
725.28918990641	1	8732.126158818755	373.9614171724959
741.3414161409909	1	15506.359755058087	339.59577133576704
746.2919737558321	1	15922.045591932876	396.42171113857586
756.3403724636503	1	17722.96273477877	339.8630657314564
765.3400253097321	1	16208.204035313163	352.34739620602977
787.3374335903001	1	16143.241531921	375.16532723902344
806.3453966775959	1	14792.729790545069	356.0183564316584
1447.6034273101973	1	10082.529299567086	365.891671531597
1448.6256138936292	1	5000.051398366913	387.67427104142826
1469.6209746086283	1	11704.080278957243	382.227556374848
1470.596117638114	1	5417.271541843653	323.64486203939174
1488.643174999736	1	10305.85085391618	378.39611846087445
1489.643036061439	1	5110.267218375535	372.48147133175536
