> 1 synthdata_0
> 2 synthdata_1
# 1 1 2 2121 
# 1 2 2 2122 
# 1 4 2 2123 
# 1 6 2 2124 
# 1 8 2 2126 
# 1 11 2 2127 
# 2 2128 1 15 
# 2 2129 1 16 
# 2 2130 1 18 
# 2 2131 1 20 
# 2 2134 1 24 
# 2 2135 1 29 
# 1 31 2 2136 
# 1 34 2 2137 
# 1 36 2 2138 
# 1 38 2 2139 
# 1 40 2 2140 
# 1 42 2 2141 
# 1 43 2 2142 
# 2 2143 1 46 
# 2 2144 1 48 
# 2 256 1 50 
# 2 257 1 53 
# 2 259 1 54 
# 2 260 1 55 
# 2 261 1 56 
# 2 262 1 58 
# 2 263 1 59 
# 2 264 1 60 
# 2 265 1 61 
# 1 64 2 266 
# 1 65 2 267 
# 1 67 2 268 
# 1 68 2 269 
# 1 69 2 270 
# 1 70 2 271 
# 2 272 1 71 
# 2 274 1 72 
# 2 278 1 75 
# 2 603 1 76 
# 2 608 1 77 
# 2 613 1 78 
# 1 79 2 623 
# 2 624 1 80 
# 2 627 1 82 
# 2 631 1 86 
# 2 632 1 87 
# 1 88 2 635 
# 1 89 2 637 
# 2 640 1 91 
# 2 643 1 92 
# 2 648 1 93 
# 2 649 1 94 
# 1 95 2 651 
# 1 96 2 654 
# 2 656 1 97 
# 2 658 1 98 
# 2 659 1 99 
# 1 100 2 2044 
# 1 101 2 2045 
# 1 102 2 2047 
# 2 2048 1 103 
# 2 2049 1 104 
# 2 2050 1 105 
# 2 2052 1 106 
# 2 2054 1 108 
# 2 2055 1 109 
# 2 2056 1 110 
# 1 111 2 2058 
# 1 112 2 2059 
# 1 113 2 2060 
# 2 2064 1 114 
# 2 2067 1 115 
# 2 2069 1 116 
# 2 2070 1 117 
# 1 118 2 2072 
# 1 119 2 2074 
# 1 120 2 2075 
# 1 121 2 2078 
# 2 2080 1 122 
# 2 2082 1 124 
# 2 2083 1 125 
# 2 2084 1 126 
# 1 127 2 2085 
# 1 128 2 2087 
# 1 129 2 2088 
# 1 130 2 2092 
# 1 131 2 2093 
# 1 132 2 2095 
# 2 2096 1 133 
# 1 134 2 2297 
# 1 135 2 2298 
# 1 136 2 2299 
# 1 137 2 2300 
# 1 138 2 2301 
# 1 139 2 2302 
# 2 2305 1 140 
# 2 2306 1 141 
# 2 2307 1 142 
# 1 143 2 2308 
# 1 144 2 2309 
# 1 145 2 2310 
# 1 146 2 2311 
# 1 147 2 2312 
# 1 148 2 2314 
# 1 149 2 2316 
# 1 150 2 2318 
# 2 2320 1 151 
# 2 2321 1 152 
# 2 2322 1 153 
# 2 2626 1 155 
# 2 2627 1 156 
# 1 159 2 2628 
# 1 161 2 2629 
# 1 163 2 2630 
# 2 2631 1 166 
# 2 2633 1 168 
# 2 2634 1 169 
# 2 2635 1 172 
# 2 2636 1 173 
# 2 2637 1 174 
# 1 176 2 2638 
# 1 177 2 2639 
# 2 2640 1 178 
# 2 2641 1 179 
# 2 2642 1 181 
# 2 2643 1 182 
# 2 2644 1 183 
# 2 2646 1 184 
# 2 2647 1 187 
# 2 2648 1 188 
# 2 2649 1 190 
# 1 191 2 2650 
# 1 192 2 843 
# 1 194 2 844 
# 1 195 2 845 
# 1 196 2 847 
# 2 848 1 197 
# 2 849 1 199 
# 2 850 1 200 
# 2 851 1 201 
# 2 853 1 203 
# 2 854 1 204 
# 2 858 1 206 
# 1 207 2 859 
# 1 208 2 860 
# 1 209 2 861 
# 1 211 2 862 
# 2 864 1 213 
# 2 2817 1 214 
# 2 2818 1 215 
# 2 2819 1 216 
# 2 2821 1 217 
# 2 2822 1 218 
# 2 2823 1 219 
# 2 2825 1 220 
# 2 2826 1 221 
# 2 2828 1 222 
# 1 223 2 2829 
# 1 224 2 2830 
# 1 225 2 2831 
# 2 2832 1 227 
# 2 2833 1 229 
# 2 2834 1 230 
# 2 2835 1 233 
# 2 2836 1 234 
# 2 2837 1 235 
# 2 2838 1 236 
# 2 2840 1 237 
# 2 2189 1 238 
# 2 2192 1 239 
# 1 240 2 2195 
# 1 243 2 2197 
# 1 244 2 2199 
# 1 245 2 2201 
# 1 246 2 2202 
# 1 247 2 2207 
# 2 2208 1 248 
# 2 2213 1 249 
# 2 2216 1 250 
# 2 2217 1 251 
# 2 2219 1 252 
# 2 2225 1 254 
# 1 255 2 2231 
# 1 256 2 2233 
# 1 258 2 2237 
# 1 259 2 2238 
# 2 2240 1 260 
# 2 2241 1 261 
# 2 2244 1 262 
# 2 2246 1 263 
# 2 2248 1 265 
# 2 2249 1 266 
# 1 269 2 2255 
# 2 2256 1 270 
# 1 271 2 2259 
# 1 272 2 2261 
# 1 273 2 2262 
# 1 274 2 2265 
# 1 275 2 2266 
# 1 276 2 2271 
# 2 2272 1 277 
# 2 2273 1 278 
# 2 2274 1 279 
# 2 2277 1 280 
# 2 2278 1 281 
# 2 2280 1 282 
# 2 2284 1 284 
# 1 285 2 2287 
# 2 2288 1 286 
# 1 287 2 2290 
# 1 288 2 2294 
# 1 291 2 1625 
# 1 292 2 1629 
# 2 1633 1 294 
# 2 1634 1 295 
# 2 1637 1 296 
# 2 1638 1 297 
# 2 1640 1 298 
# 1 300 2 1646 
# 2 1648 1 301 
# 2 1650 1 302 
# 1 303 2 1652 
# 1 304 2 1653 
# 1 305 2 1656 
# 1 306 2 1661 
# 2 1665 1 307 
# 2 1666 1 308 
# 2 1669 1 309 
# 1 310 2 1672 
# 1 311 2 1674 
# 2 502 1 314 
# 2 503 1 316 
# 2 504 1 318 
# 1 319 2 505 
# 1 321 2 506 
# 1 324 2 508 
# 1 327 2 510 
# 1 330 2 511 
# 1 335 2 356 
# 1 336 2 360 
# 1 337 2 365 
# 1 338 2 367 
# 2 369 1 339 
# 2 372 1 340 
# 1 341 2 375 
# 1 342 2 377 
# 1 343 2 379 
# 1 344 2 382 
# 1 345 2 383 
# 2 388 1 348 
# 2 1332 1 349 
# 2 1333 1 357 
# 2 1334 1 358 
# 1 371 2 1337 
# 2 1338 1 378 
# 2 1339 1 379 
# 1 386 2 1340 
# 2 1344 1 398 
# 2 1347 1 404 
# 2 1348 1 412 
# 2 1349 1 413 
# 2 1350 1 421 
# 2 1351 1 422 
# 2 1352 1 428 
# 2 1353 1 429 
# 1 433 2 1354 
# 1 437 2 1355 
# 1 439 2 1356 
# 1 443 2 1357 
# 2 1360 1 445 
# 2 1361 1 448 
# 2 866 1 453 
# 2 867 1 454 
# 2 869 1 456 
# 2 870 1 458 
# 2 871 1 459 
# 1 463 2 872 
# 1 466 2 875 
# 1 467 2 876 
# 1 468 2 877 
# 1 469 2 878 
# 1 471 2 879 
# 2 880 1 475 
# 2 881 1 484 
# 2 884 1 487 
# 2 885 1 490 
# 2 886 1 491 
# 1 495 2 887 
# 1 496 2 389 
# 1 498 2 393 
# 1 499 2 394 
# 1 504 2 396 
# 1 506 2 397 
# 1 507 2 398 
# 2 400 1 508 
# 2 401 1 509 
# 1 513 2 403 
# 1 514 2 404 
# 1 515 2 408 
# 2 1381 1 516 
# 2 1382 1 517 
# 2 1383 1 519 
# 2 1384 1 520 
# 2 1385 1 523 
# 2 1386 1 524 
# 2 1387 1 526 
# 1 528 2 1389 
# 1 530 2 1391 
# 2 1392 1 531 
# 2 1393 1 533 
# 2 1394 1 534 
# 2 1395 1 535 
# 2 1397 1 537 
# 2 1405 1 540 
# 2 1406 1 541 
# 2 1407 1 542 
# 1 544 2 2923 
# 1 546 2 2925 
# 2 2929 1 547 
# 2 2931 1 548 
# 2 2932 1 549 
# 2 2933 1 550 
# 2 2934 1 551 
# 2 2935 1 552 
# 2 2937 1 553 
# 1 555 2 2941 
# 1 556 2 2942 
# 2 2945 1 558 
# 1 559 2 2946 
# 1 560 2 2947 
# 1 561 2 2948 
# 1 563 2 2949 
# 1 564 2 2950 
# 1 565 2 2951 
# 1 566 2 2953 
# 1 567 2 2954 
# 1 568 2 2955 
# 1 569 2 2956 
# 1 570 2 2957 
# 1 571 2 2958 
# 1 572 2 2959 
# 2 2961 1 573 
# 2 2962 1 574 
# 1 575 2 2964 
# 1 576 2 2965 
# 1 577 2 2966 
# 1 578 2 2967 
# 1 579 2 2968 
# 1 580 2 2969 
# 1 581 2 2970 
# 1 582 2 2971 
# 1 583 2 2972 
# 1 584 2 2973 
# 1 585 2 2974 
# 1 586 2 2975 
# 2 2976 1 587 
# 2 1362 1 588 
# 2 1363 1 590 
# 1 591 2 1364 
# 1 594 2 1366 
# 1 595 2 1367 
# 1 596 2 1368 
# 1 598 2 1369 
# 2 1370 1 601 
# 2 1371 1 602 
# 2 1372 1 603 
# 1 604 2 1374 
# 1 605 2 1375 
# 2 1376 1 606 
# 1 607 2 1377 
# 1 608 2 1379 
# 1 612 2 1677 
# 1 614 2 1678 
# 1 616 2 1679 
# 2 1680 1 617 
# 2 1681 1 619 
# 2 1682 1 621 
# 1 623 2 1683 
# 1 625 2 1684 
# 2 1685 1 629 
# 2 1686 1 632 
# 2 1687 1 634 
# 2 279 1 637 
# 2 280 1 638 
# 1 639 2 282 
# 1 640 2 283 
# 1 641 2 285 
# 1 642 2 287 
# 2 289 1 644 
# 2 290 1 645 
# 2 291 1 648 
# 2 292 1 649 
# 2 293 1 650 
# 2 294 1 652 
# 2 295 1 653 
# 1 658 2 297 
# 1 661 2 298 
# 1 662 2 300 
# 1 663 2 301 
# 1 664 2 302 
# 1 665 2 303 
# 2 304 1 666 
# 2 305 1 667 
# 2 306 1 669 
# 2 307 1 670 
# 1 671 2 308 
# 1 673 2 309 
# 1 674 2 310 
# 1 676 2 312 
# 1 677 2 313 
# 1 679 2 316 
# 1 680 2 317 
# 2 2978 1 681 
# 2 2979 1 682 
# 2 2980 1 685 
# 2 2982 1 686 
# 1 691 2 2984 
# 1 692 2 2985 
# 1 696 2 2988 
# 1 697 2 2989 
# 1 698 2 2990 
# 2 2992 1 699 
# 2 2993 1 700 
# 2 2994 1 702 
# 2 2995 1 706 
# 2 2996 1 707 
# 1 708 2 2998 
# 2 3000 1 711 
# 2 3001 1 712 
# 2 3002 1 713 
# 2 3004 1 717 
# 1 719 2 3005 
# 1 722 2 3006 
# 1 723 2 3007 
# 2 3008 1 724 
# 2 3009 1 725 
# 2 3010 1 730 
# 2 3011 1 731 
# 2 3012 1 732 
# 1 736 2 3013 
# 1 737 2 3014 
# 1 739 2 3016 
# 1 740 2 3017 
# 1 741 2 3019 
# 1 746 2 3020 
# 2 3021 1 748 
# 2 3022 1 749 
# 2 3023 1 750 
# 2 3024 1 756 
# 2 3025 1 757 
# 2 3026 1 758 
# 2 3027 1 759 
# 2 3028 1 763 
# 2 409 1 765 
# 2 410 1 766 
# 1 767 2 412 
# 1 769 2 413 
# 1 770 2 415 
# 2 416 1 771 
# 2 419 1 772 
# 2 420 1 773 
# 2 421 1 774 
# 2 422 1 775 
# 2 423 1 776 
# 2 424 1 777 
# 2 425 1 778 
# 2 426 1 779 
# 2 427 1 780 
# 2 428 1 781 
# 2 429 1 782 
# 1 783 2 430 
# 1 784 2 431 
# 2 432 1 786 
# 1 787 2 2447 
# 2 2449 1 789 
# 2 2450 1 791 
# 2 2451 1 792 
# 2 2452 1 793 
# 1 799 2 2453 
# 1 800 2 2455 
# 1 801 2 2456 
# 1 802 2 2457 
# 1 803 2 2459 
# 1 804 2 2460 
# 1 805 2 2461 
# 1 807 2 2462 
# 1 809 2 2463 
# 2 2464 1 810 
# 2 2651 1 811 
# 2 2652 1 812 
# 2 2653 1 813 
# 2 2654 1 814 
# 1 815 2 2655 
# 2 2656 1 816 
# 2 2657 1 819 
# 2 2658 1 821 
# 2 2659 1 822 
# 2 2661 1 823 
# 2 2663 1 825 
# 2 2664 1 826 
# 2 2665 1 828 
# 2 2666 1 829 
# 2 2667 1 830 
# 1 831 2 2668 
# 1 833 2 2670 
# 1 834 2 2671 
# 2 2672 1 835 
# 2 2486 1 837 
# 1 839 2 2489 
# 2 2491 1 842 
# 2 2492 1 843 
# 2 2494 1 845 
# 2 2495 1 846 
# 2 2496 1 848 
# 2 2497 1 850 
# 2 2498 1 851 
# 2 2499 1 853 
# 2 2500 1 855 
# 2 2501 1 856 
# 2 2502 1 857 
# 2 2504 1 859 
# 1 860 2 558 
# 2 561 1 861 
# 1 863 2 562 
# 1 864 2 563 
# 1 865 2 564 
# 1 866 2 565 
# 1 867 2 566 
# 1 868 2 567 
# 1 869 2 568 
# 1 870 2 569 
# 1 872 2 570 
# 1 873 2 571 
# 1 874 2 572 
# 1 875 2 573 
# 1 876 2 574 
# 2 577 1 877 
# 1 879 2 579 
# 1 880 2 580 
# 1 881 2 581 
# 1 882 2 582 
# 1 883 2 583 
# 1 884 2 584 
# 1 885 2 586 
# 1 886 2 588 
# 1 887 2 590 
# 2 592 1 888 
# 2 594 1 890 
# 2 595 1 891 
# 2 601 1 894 
# 1 896 2 602 
# 1 897 2 1529 
# 1 898 2 1535 
# 2 1537 1 899 
# 1 900 2 1544 
# 1 901 2 1549 
# 1 902 2 1550 
# 1 903 2 1551 
# 2 1556 1 904 
# 2 1557 1 906 
# 2 1562 1 907 
# 2 1563 1 908 
# 1 909 2 1567 
# 2 1568 1 910 
# 2 1584 1 913 
# 2 1585 1 914 
# 2 1586 1 915 
# 1 916 2 1594 
# 2 1601 1 919 
# 2 1607 1 920 
# 2 1608 1 921 
# 1 923 2 1614 
# 2 1618 1 925 
# 2 1619 1 926 
# 1 927 2 2702 
# 1 928 2 2709 
# 1 929 2 2710 
# 1 930 2 2714 
# 1 931 2 2716 
# 2 2722 1 932 
# 2 2724 1 933 
# 1 934 2 2730 
# 1 936 2 2732 
# 2 2736 1 937 
# 2 2737 1 938 
# 2 2749 1 941 
# 2 2754 1 942 
# 1 943 2 2756 
# 1 944 2 2757 
# 1 945 2 2762 
# 2 2770 1 946 
# 2 2771 1 947 
# 1 948 2 2775 
# 1 949 2 2778 
# 2 2786 1 950 
# 2 2794 1 955 
# 2 2466 1 958 
# 1 959 2 2468 
# 1 960 2 2469 
# 1 961 2 2470 
# 1 962 2 2471 
# 1 964 2 2476 
# 1 965 2 2478 
# 2 2481 1 966 
# 2 2483 1 968 
# 2 2484 1 969 
# 2 1481 1 970 
# 2 1482 1 972 
# 2 1484 1 973 
# 2 1485 1 974 
# 1 978 2 1486 
# 1 979 2 1487 
# 2 1488 1 980 
# 2 1490 1 981 
# 2 1492 1 982 
# 2 1494 1 986 
# 2 1495 1 987 
# 2 1496 1 988 
# 2 1497 1 989 
# 1 991 2 1498 
# 1 993 2 1503 
# 2 1504 1 994 
# 2 1508 1 995 
# 1 996 2 1510 
# 2 68 1 997 
# 2 70 1 998 
# 2 72 1 999 
# 1 1000 2 74 
# 1 1001 2 76 
# 1 1002 2 77 
# 1 1003 2 79 
# 2 80 1 1004 
# 2 82 1 1005 
# 1 1007 2 84 
# 1 1008 2 86 
# 1 1009 2 88 
# 1 1010 2 89 
# 1 1011 2 90 
# 1 1012 2 93 
# 1 1013 2 95 
# 2 98 1 1014 
# 2 100 1 1016 
# 2 104 1 1018 
# 2 105 1 1019 
# 2 107 1 1020 
# 2 110 1 1021 
# 2 112 1 1022 
# 1 1023 2 2393 
# 1 1024 2 2395 
# 1 1026 2 2397 
# 2 2400 1 1029 
# 2 2404 1 1031 
# 2 2405 1 1032 
# 2 2408 1 1035 
# 2 2411 1 1037 
# 2 2412 1 1038 
# 1 1039 2 2413 
# 1 1042 2 2415 
# 2 2417 1 1043 
# 2 2420 1 1044 
# 2 2421 1 1045 
# 1 1046 2 2602 
# 1 1049 2 2603 
# 2 2604 1 1051 
# 2 2606 1 1053 
# 2 2608 1 1056 
# 2 2609 1 1058 
# 2 2610 1 1061 
# 2 2611 1 1062 
# 2 2612 1 1064 
# 2 2614 1 1065 
# 2 2615 1 1066 
# 2 2616 1 1069 
# 2 2617 1 1070 
# 1 1071 2 2618 
# 1 1075 2 2619 
# 1 1078 2 2620 
# 1 1079 2 2621 
# 1 1081 2 2622 
# 2 2624 1 1083 
# 2 192 1 1084 
# 2 193 1 1085 
# 2 194 1 1086 
# 1 1088 2 195 
# 1 1089 2 197 
# 1 1090 2 198 
# 1 1091 2 199 
# 1 1092 2 202 
# 1 1093 2 203 
# 1 1094 2 205 
# 1 1096 2 206 
# 2 208 1 1097 
# 2 209 1 1099 
# 2 210 1 1100 
# 2 211 1 1102 
# 1 1105 2 2505 
# 1 1111 2 2508 
# 1 1112 2 2509 
# 1 1113 2 2510 
# 2 2512 1 1114 
# 2 2513 1 1115 
# 2 2514 1 1116 
# 2 2515 1 1117 
# 2 2516 1 1118 
# 1 1119 2 2517 
# 1 1121 2 2518 
# 1 1122 2 2519 
# 1 1123 2 2521 
# 1 1125 2 2522 
# 1 1127 2 2523 
# 1 1128 2 2526 
# 2 2528 1 1129 
# 2 2529 1 1130 
# 2 2530 1 1133 
# 2 2531 1 1134 
# 1 1135 2 2532 
# 1 1136 2 2533 
# 1 1137 2 2534 
# 1 1138 2 2535 
# 1 1139 2 2536 
# 1 1140 2 2537 
# 1 1141 2 2538 
# 1 1144 2 2539 
# 1 1146 2 2541 
# 1 1147 2 2542 
# 1 1148 2 2543 
# 2 2544 1 1149 
# 2 2545 1 1150 
# 1 1151 2 2547 
# 1 1152 2 2548 
# 1 1154 2 2549 
# 1 1156 2 2552 
# 2 115 1 1157 
# 2 116 1 1158 
# 2 118 1 1159 
# 2 120 1 1160 
# 2 121 1 1161 
# 2 123 1 1162 
# 2 124 1 1163 
# 2 125 1 1165 
# 2 126 1 1166 
# 1 1167 2 127 
# 2 128 1 1169 
# 2 129 1 1170 
# 2 130 1 1171 
# 2 131 1 1172 
# 2 133 1 1174 
# 2 135 1 1175 
# 2 136 1 1176 
# 2 137 1 1177 
# 2 138 1 1178 
# 2 140 1 1179 
# 2 2424 1 1180 
# 2 2425 1 1182 
# 1 1183 2 2426 
# 1 1186 2 2427 
# 1 1187 2 2428 
# 1 1191 2 2431 
# 2 2432 1 1192 
# 2 2433 1 1195 
# 2 2434 1 1196 
# 2 2436 1 1198 
# 1 1200 2 2437 
# 1 1201 2 2438 
# 1 1204 2 2439 
# 1 1205 2 2440 
# 2 2441 1 1212 
# 1 1216 2 2442 
# 1 1217 2 2443 
# 1 1220 2 2444 
# 1 1222 2 2445 
# 2 2446 1 1230 
# 1 1231 2 2371 
# 1 1232 2 2372 
# 1 1234 2 2374 
# 1 1235 2 2375 
# 1 1237 2 2376 
# 1 1238 2 2378 
# 1 1239 2 2379 
# 1 1243 2 2381 
# 1 1244 2 2382 
# 1 1245 2 2383 
# 2 2384 1 1246 
# 2 2385 1 1248 
# 2 2386 1 1249 
# 2 2387 1 1254 
# 2 2389 1 1255 
# 2 2390 1 1257 
# 2 2392 1 1259 
# 2 819 1 1260 
# 2 820 1 1261 
# 2 821 1 1262 
# 1 1263 2 822 
# 1 1264 2 823 
# 1 1265 2 824 
# 1 1266 2 826 
# 1 1267 2 827 
# 1 1268 2 828 
# 1 1269 2 829 
# 1 1270 2 830 
# 1 1271 2 831 
# 2 832 1 1272 
# 2 834 1 1274 
# 2 835 1 1276 
# 2 836 1 1278 
# 1 1280 2 837 
# 1 1281 2 838 
# 1 1283 2 839 
# 1 1284 2 841 
# 2 707 1 1285 
# 2 708 1 1286 
# 2 709 1 1288 
# 2 710 1 1291 
# 2 711 1 1293 
# 1 1298 2 712 
# 1 1301 2 713 
# 1 1302 2 714 
# 2 715 1 1306 
# 2 716 1 1309 
# 1 1311 2 717 
# 1 1313 2 718 
# 1 1314 2 719 
# 2 721 1 1316 
# 2 722 1 1317 
# 2 723 1 1318 
# 2 724 1 1320 
# 2 725 1 1322 
# 1 1327 2 726 
# 1 1331 2 727 
# 1 1333 2 728 
# 1 1334 2 729 
# 1 1336 2 1178 
# 1 1337 2 1179 
# 1 1338 2 1180 
# 1 1340 2 1182 
# 2 1183 1 1342 
# 2 1184 1 1343 
# 2 1186 1 1345 
# 2 1187 1 1346 
# 2 1188 1 1347 
# 2 1189 1 1348 
# 2 1190 1 1349 
# 2 1191 1 1350 
# 1 1351 2 1194 
# 1 1352 2 1195 
# 1 1353 2 1196 
# 1 1354 2 1197 
# 1 1355 2 1198 
# 1 1357 2 1199 
# 1 1360 2 888 
# 1 1361 2 889 
# 1 1363 2 891 
# 1 1366 2 894 
# 1 1367 2 895 
# 2 896 1 1368 
# 2 897 1 1369 
# 2 898 1 1370 
# 2 900 1 1371 
# 2 903 1 1372 
# 2 904 1 1373 
# 1 1375 2 905 
# 1 1376 2 907 
# 1 1377 2 908 
# 1 1378 2 910 
# 1 1379 2 911 
# 2 912 1 1380 
# 2 913 1 1381 
# 2 914 1 1382 
# 2 915 1 1383 
# 2 916 1 1384 
# 2 917 1 1386 
# 2 918 1 1387 
# 2 919 1 1388 
# 2 920 1 1390 
# 1 1391 2 921 
# 1 1392 2 923 
# 1 1393 2 924 
# 1 1394 2 926 
# 1 1397 2 927 
# 2 928 1 1399 
# 2 929 1 1400 
# 2 930 1 1401 
# 2 931 1 1405 
# 2 932 1 1406 
# 1 1407 2 933 
# 1 1408 2 934 
# 1 1410 2 935 
# 1 1416 2 938 
# 1 1417 2 939 
# 2 480 1 1419 
# 2 481 1 1420 
# 2 482 1 1421 
# 2 483 1 1422 
# 1 1423 2 484 
# 1 1425 2 485 
# 1 1426 2 486 
# 1 1427 2 487 
# 1 1428 2 488 
# 1 1429 2 490 
# 1 1433 2 491 
# 1 1434 2 492 
# 1 1435 2 493 
# 2 496 1 1436 
# 2 497 1 1437 
# 2 499 1 1438 
# 1 1439 2 500 
# 1 1440 2 501 
# 2 2097 1 1441 
# 2 2098 1 1444 
# 2 2099 1 1445 
# 2 2100 1 1446 
# 2 2101 1 1448 
# 2 2102 1 1449 
# 2 2103 1 1451 
# 2 2104 1 1452 
# 2 2105 1 1454 
# 1 1456 2 2107 
# 1 1458 2 2108 
# 1 1459 2 2109 
# 1 1461 2 2110 
# 2 2112 1 1462 
# 2 2113 1 1465 
# 2 2115 1 1467 
# 2 2116 1 1468 
# 2 2117 1 1470 
# 1 1472 2 2119 
# 1 1474 2 2120 
# 2 434 1 1475 
# 2 436 1 1476 
# 2 438 1 1477 
# 2 439 1 1478 
# 2 440 1 1479 
# 1 1480 2 444 
# 1 1481 2 445 
# 1 1482 2 446 
# 1 1483 2 447 
# 2 448 1 1484 
# 1 1487 2 449 
# 2 450 1 1489 
# 2 451 1 1491 
# 2 1154 1 1494 
# 2 1155 1 1496 
# 2 1156 1 1497 
# 2 1157 1 1499 
# 2 1158 1 1500 
# 1 1503 2 1159 
# 1 1504 2 1160 
# 1 1505 2 1161 
# 1 1507 2 1163 
# 1 1508 2 1164 
# 1 1510 2 1165 
# 1 1512 2 1167 
# 2 1168 1 1513 
# 2 1169 1 1516 
# 2 1171 1 1518 
# 1 1521 2 1174 
# 1 1523 2 1176 
# 1 1524 2 1177 
# 1 1527 2 1247 
# 2 1250 1 1528 
# 2 1256 1 1530 
# 1 1531 2 1261 
# 2 1264 1 1532 
# 2 1268 1 1533 
# 2 1271 1 1534 
# 1 1535 2 1275 
# 2 1280 1 1536 
# 1 1537 2 1285 
# 1 1539 2 1288 
# 1 1540 2 1292 
# 1 1541 2 1880 
# 2 1881 1 1547 
# 2 1882 1 1550 
# 1 1556 2 1883 
# 1 1557 2 1884 
# 1 1562 2 1885 
# 1 1569 2 1887 
# 2 1888 1 1575 
# 2 1889 1 1576 
# 2 1890 1 1577 
# 2 1891 1 1581 
# 1 1583 2 1892 
# 1 1588 2 1896 
# 2 1897 1 1593 
# 2 1898 1 1595 
# 1 1601 2 1899 
# 1 1602 2 1901 
# 1 1608 2 1903 
# 2 1904 1 1612 
# 2 1905 1 1618 
# 2 1906 1 1624 
# 2 1908 1 1625 
# 1 1635 2 1911 
# 1 1636 2 2171 
# 1 1639 2 2172 
# 1 1640 2 2173 
# 1 1641 2 2174 
# 1 1643 2 2175 
# 2 2177 1 1645 
# 2 2178 1 1646 
# 1 1648 2 2179 
# 1 1650 2 2181 
# 1 1651 2 2182 
# 1 1654 2 2185 
# 1 1655 2 2186 
# 1 1657 2 2187 
# 1 1658 2 2188 
# 1 1663 2 233 
# 1 1664 2 234 
# 1 1665 2 235 
# 1 1666 2 236 
# 1 1667 2 237 
# 1 1670 2 239 
# 2 240 1 1671 
# 2 242 1 1673 
# 2 246 1 1674 
# 2 247 1 1675 
# 2 248 1 1676 
# 2 249 1 1677 
# 2 250 1 1678 
# 1 1679 2 251 
# 1 1682 2 252 
# 1 1683 2 253 
# 1 1684 2 254 
# 1 1685 2 255 
# 1 1686 2 1912 
# 1 1687 2 1913 
# 1 1688 2 1914 
# 1 1689 2 1915 
# 1 1690 2 1916 
# 1 1691 2 1917 
# 1 1692 2 1918 
# 1 1693 2 1919 
# 2 1920 1 1694 
# 1 1695 2 1921 
# 1 1696 2 1922 
# 1 1697 2 1924 
# 1 1699 2 1925 
# 1 1700 2 1926 
# 1 1701 2 1927 
# 1 1702 2 1928 
# 1 1704 2 1931 
# 1 1705 2 1933 
# 1 1706 2 1934 
# 1 1707 2 1935 
# 2 1936 1 1708 
# 2 1937 1 1709 
# 2 1938 1 1710 
# 1 1711 2 1939 
# 1 1713 2 1940 
# 1 1715 2 1943 
# 1 1716 2 1944 
# 1 1717 2 1945 
# 1 1718 2 1946 
# 1 1720 2 1947 
# 1 1721 2 1948 
# 1 1722 2 1949 
# 1 1723 2 1951 
# 2 1954 1 1724 
# 2 1956 1 1725 
# 2 1957 1 1726 
# 1 1727 2 1958 
# 1 1729 2 1959 
# 1 1730 2 1960 
# 1 1731 2 1961 
# 2 1968 1 1734 
# 2 1969 1 1736 
# 2 1974 1 1737 
# 2 1975 1 1738 
# 2 663 1 1739 
# 2 664 1 1740 
# 2 665 1 1741 
# 2 667 1 1742 
# 1 1743 2 669 
# 2 672 1 1744 
# 2 673 1 1745 
# 2 674 1 1746 
# 2 675 1 1747 
# 2 676 1 1748 
# 2 677 1 1749 
# 2 678 1 1750 
# 2 679 1 1751 
# 2 681 1 1753 
# 2 682 1 1755 
# 2 683 1 1756 
# 2 685 1 1757 
# 2 686 1 1758 
# 1 1760 2 687 
# 2 688 1 1761 
# 2 689 1 1762 
# 2 691 1 1763 
# 2 692 1 1764 
# 2 693 1 1765 
# 2 695 1 1766 
# 2 696 1 1767 
# 2 697 1 1768 
# 1 1769 2 699 
# 2 700 1 1771 
# 2 701 1 1772 
# 1 1773 2 703 
# 2 704 1 1774 
# 1 1775 2 705 
# 1 1776 2 706 
# 2 1744 1 1777 
# 2 1745 1 1778 
# 2 1746 1 1780 
# 2 1747 1 1781 
# 2 1748 1 1782 
# 2 1749 1 1783 
# 2 1750 1 1785 
# 2 1751 1 1786 
# 2 1752 1 1787 
# 2 1753 1 1788 
# 2 1754 1 1790 
# 1 1791 2 1755 
# 1 1794 2 1757 
# 1 1795 2 1758 
# 1 1797 2 1759 
# 2 1760 1 1798 
# 2 1761 1 1800 
# 2 1763 1 1802 
# 2 1764 1 1803 
# 2 1765 1 1804 
# 2 1766 1 1805 
# 1 1807 2 1767 
# 1 1808 2 1768 
# 1 1809 2 2580 
# 1 1810 2 2581 
# 1 1812 2 2582 
# 2 2584 1 1815 
# 2 2585 1 1817 
# 2 2586 1 1818 
# 2 2587 1 1822 
# 1 1823 2 2588 
# 1 1824 2 2589 
# 1 1828 2 2590 
# 1 1829 2 2591 
# 2 2593 1 1832 
# 2 2594 1 1833 
# 2 2595 1 1834 
# 2 2596 1 1836 
# 2 2597 1 1837 
# 1 1841 2 2599 
# 1 1844 2 2600 
# 1 1845 2 2601 
# 1 1847 2 26 
# 1 1850 2 29 
# 1 1851 2 30 
# 2 33 1 1852 
# 2 35 1 1853 
# 2 37 1 1854 
# 1 1855 2 40 
# 1 1859 2 45 
# 2 50 1 1860 
# 2 51 1 1861 
# 2 53 1 1862 
# 2 54 1 1864 
# 2 56 1 1865 
# 2 57 1 1866 
# 2 58 1 1867 
# 2 61 1 1868 
# 2 62 1 1869 
# 2 63 1 1870 
# 1 1871 2 65 
# 1 1872 2 67 
# 2 1 1 1873 
# 2 2 1 1877 
# 2 3 1 1878 
# 2 4 1 1880 
# 2 5 1 1882 
# 2 6 1 1883 
# 1 1888 2 7 
# 1 1894 2 9 
# 1 1896 2 10 
# 2 11 1 1899 
# 2 12 1 1901 
# 1 1903 2 13 
# 1 1907 2 14 
# 1 1908 2 15 
# 2 16 1 1910 
# 2 17 1 1913 
# 2 18 1 1915 
# 2 19 1 1918 
# 1 1920 2 20 
# 1 1922 2 21 
# 1 1924 2 22 
# 2 23 1 1930 
# 2 24 1 1934 
# 1 1939 2 25 
# 2 546 1 1940 
# 2 547 1 1943 
# 2 548 1 1945 
# 2 549 1 1946 
# 2 550 1 1948 
# 2 551 1 1949 
# 1 1951 2 552 
# 1 1953 2 553 
# 1 1955 2 554 
# 1 1959 2 555 
# 1 1962 2 556 
# 2 1725 1 1964 
# 2 1726 1 1965 
# 2 1727 1 1966 
# 2 1728 1 1967 
# 2 1729 1 1970 
# 2 1730 1 1971 
# 2 1731 1 1972 
# 2 1732 1 1973 
# 2 1734 1 1974 
# 2 1735 1 1975 
# 2 1736 1 1976 
# 2 1738 1 1977 
# 1 1979 2 1741 
# 1 1980 2 1743 
# 1 1981 2 1023 
# 2 1024 1 1982 
# 1 1983 2 1026 
# 1 1984 2 1027 
# 1 1985 2 1028 
# 1 1987 2 1029 
# 1 1988 2 1030 
# 1 1989 2 1031 
# 2 1032 1 1991 
# 1 1992 2 1034 
# 1 1993 2 1035 
# 1 1994 2 1036 
# 1 1995 2 1037 
# 1 1996 2 1038 
# 1 1997 2 1039 
# 2 1040 1 1998 
# 1 1999 2 1041 
# 1 2000 2 1042 
# 2 1043 1 2002 
# 2 1044 1 2003 
# 1 2004 2 1047 
# 1 2006 2 1048 
# 2 1049 1 2008 
# 2 1050 1 2009 
# 2 1051 1 2010 
# 2 1052 1 2011 
# 2 1054 1 2014 
# 1 2015 2 1055 
# 2 1056 1 2017 
# 2 1057 1 2018 
# 2 1058 1 2019 
# 2 1059 1 2020 
# 2 1060 1 2021 
# 2 1061 1 2023 
# 2 1062 1 2024 
# 2 1063 1 2026 
# 2 1065 1 2028 
# 2 1066 1 2029 
# 2 1067 1 2030 
# 1 2031 2 1069 
# 1 2032 2 1070 
# 1 2033 2 1071 
# 2 1072 1 2034 
# 2 1073 1 2035 
# 2 1075 1 2036 
# 2 1078 1 2038 
# 2 1080 1 2040 
# 2 1081 1 2041 
# 2 1083 1 2043 
# 2 1084 1 2044 
# 2 1085 1 2045 
# 2 1086 1 2046 
# 1 2047 2 1087 
# 2 1088 1 2049 
# 2 1089 1 2051 
# 2 1090 1 2052 
# 2 1091 1 2055 
# 2 1092 1 2056 
# 2 1093 1 2058 
# 2 1094 1 2059 
# 2 1096 1 2061 
# 1 2063 2 1859 
# 1 2064 2 1860 
# 1 2065 2 1862 
# 1 2068 2 1863 
# 2 1864 1 2071 
# 2 1865 1 2072 
# 2 1866 1 2074 
# 2 1867 1 2075 
# 2 1868 1 2077 
# 1 2079 2 1870 
# 1 2080 2 1871 
# 2 1872 1 2081 
# 2 1873 1 2084 
# 2 1874 1 2086 
# 2 1875 1 2088 
# 2 1876 1 2089 
# 2 1878 1 2091 
# 1 2095 2 1793 
# 1 2096 2 1794 
# 1 2097 2 1796 
# 1 2098 2 1798 
# 1 2099 2 1804 
# 1 2100 2 1806 
# 2 1808 1 2102 
# 2 1809 1 2104 
# 2 1810 1 2106 
# 2 1811 1 2107 
# 2 1813 1 2108 
# 2 1814 1 2109 
# 2 1816 1 2110 
# 1 2111 2 1455 
# 2 1456 1 2115 
# 2 1458 1 2122 
# 1 2128 2 1461 
# 1 2132 2 1462 
# 2 1463 1 2134 
# 2 1464 1 2135 
# 2 1467 1 2138 
# 2 1468 1 2140 
# 2 1469 1 2142 
# 1 2143 2 1470 
# 2 1472 1 2149 
# 2 1474 1 2150 
# 2 1475 1 2151 
# 2 1476 1 2153 
# 2 1478 1 2154 
# 2 1479 1 2156 
# 2 212 1 2157 
# 2 213 1 2158 
# 1 2159 2 214 
# 1 2160 2 215 
# 1 2161 2 216 
# 1 2164 2 218 
# 1 2165 2 219 
# 1 2166 2 221 
# 1 2167 2 223 
# 2 226 1 2169 
# 2 227 1 2170 
# 2 230 1 2174 
# 2 1409 1 2177 
# 2 1410 1 2178 
# 2 1411 1 2179 
# 2 1412 1 2180 
# 2 1413 1 2182 
# 2 1414 1 2183 
# 2 1415 1 2185 
# 2 1416 1 2186 
# 2 1417 1 2187 
# 2 1418 1 2188 
# 2 1419 1 2189 
# 2 1420 1 2190 
# 1 2192 2 1421 
# 1 2193 2 1422 
# 1 2194 2 1423 
# 2 1424 1 2196 
# 2 1425 1 2197 
# 2 1426 1 2198 
# 2 1427 1 2199 
# 2 1428 1 2200 
# 2 1429 1 2201 
# 2 1430 1 2202 
# 2 2673 1 2203 
# 2 2674 1 2204 
# 2 2676 1 2205 
# 2 2677 1 2206 
# 1 2207 2 2678 
# 1 2208 2 2679 
# 1 2209 2 2680 
# 1 2210 2 2681 
# 1 2211 2 2682 
# 1 2212 2 2683 
# 1 2214 2 2685 
# 1 2215 2 2686 
# 2 2688 1 2219 
# 2 2689 1 2220 
# 2 2690 1 2221 
# 1 2225 2 2692 
# 1 2226 2 2693 
# 1 2227 2 2694 
# 1 2228 2 2695 
# 1 2230 2 2696 
# 1 2231 2 2697 
# 1 2232 2 2698 
# 2 2699 1 2234 
# 2 2700 1 2235 
# 2 2701 1 2237 
# 1 2240 2 2797 
# 1 2242 2 2798 
# 1 2243 2 2799 
# 2 2800 1 2244 
# 2 2801 1 2248 
# 2 2804 1 2249 
# 2 2805 1 2250 
# 2 2806 1 2251 
# 2 2807 1 2252 
# 2 2808 1 2254 
# 1 2255 2 2810 
# 1 2256 2 2811 
# 1 2257 2 2812 
# 1 2258 2 2813 
# 1 2260 2 2814 
# 2 2816 1 2261 
# 1 2262 2 141 
# 1 2263 2 142 
# 1 2264 2 143 
# 2 144 1 2265 
# 2 145 1 2266 
# 2 146 1 2267 
# 2 148 1 2269 
# 2 149 1 2270 
# 1 2271 2 151 
# 1 2274 2 155 
# 1 2275 2 156 
# 1 2276 2 158 
# 1 2277 2 159 
# 2 161 1 2278 
# 2 162 1 2279 
# 2 164 1 2280 
# 2 166 1 2281 
# 2 169 1 2282 
# 2 171 1 2284 
# 2 173 1 2285 
# 2 174 1 2286 
# 2 176 1 2287 
# 2 177 1 2289 
# 2 179 1 2290 
# 2 181 1 2292 
# 2 182 1 2293 
# 1 2294 2 185 
# 1 2296 2 187 
# 1 2298 2 191 
# 2 521 1 2299 
# 2 523 1 2301 
# 2 524 1 2302 
# 1 2303 2 526 
# 1 2304 2 527 
# 2 529 1 2307 
# 2 531 1 2309 
# 2 532 1 2310 
# 2 534 1 2311 
# 2 535 1 2312 
# 2 537 1 2313 
# 2 538 1 2314 
# 1 2315 2 541 
# 1 2316 2 542 
# 1 2317 2 543 
# 2 545 1 2318 
# 1 2319 2 1224 
# 1 2320 2 1225 
# 1 2321 2 1226 
# 1 2322 2 1227 
# 1 2327 2 1229 
# 1 2328 2 1230 
# 1 2329 2 1231 
# 2 1232 1 2330 
# 2 1233 1 2331 
# 2 1236 1 2333 
# 2 1237 1 2334 
# 1 2336 2 1240 
# 1 2338 2 1241 
# 1 2339 2 1242 
# 1 2340 2 1243 
# 1 2341 2 1244 
# 1 2342 2 1246 
# 1 2345 2 799 
# 2 801 1 2346 
# 2 802 1 2347 
# 2 803 1 2349 
# 2 804 1 2350 
# 1 2352 2 807 
# 1 2353 2 809 
# 1 2354 2 810 
# 1 2356 2 811 
# 1 2357 2 813 
# 1 2358 2 814 
# 1 2359 2 815 
# 2 816 1 2360 
# 2 817 1 2361 
# 2 818 1 2362 
# 2 1511 1 2364 
# 2 1512 1 2366 
# 1 2368 2 1513 
# 1 2370 2 1514 
# 1 2371 2 1515 
# 1 2374 2 1516 
# 1 2378 2 1518 
# 1 2379 2 1519 
# 2 1520 1 2380 
# 2 1523 1 2382 
# 1 2383 2 1524 
# 1 2384 2 1525 
# 1 2385 2 1526 
# 1 2386 2 1527 
# 1 2388 2 1295 
# 2 1297 1 2390 
# 2 1298 1 2391 
# 2 1301 1 2393 
# 2 1305 1 2394 
# 2 1307 1 2397 
# 1 2399 2 1309 
# 1 2400 2 1311 
# 2 1312 1 2401 
# 2 1315 1 2403 
# 1 2404 2 1318 
# 1 2405 2 1319 
# 1 2406 2 1322 
# 1 2407 2 1323 
# 1 2408 2 1324 
# 1 2411 2 1327 
# 2 1328 1 2412 
# 1 2415 2 1431 
# 1 2416 2 1432 
# 1 2417 2 1434 
# 1 2419 2 1435 
# 1 2420 2 1436 
# 1 2422 2 1437 
# 1 2423 2 1438 
# 1 2424 2 1439 
# 2 1440 1 2425 
# 2 1441 1 2427 
# 2 1442 1 2429 
# 2 1444 1 2430 
# 1 2431 2 1445 
# 1 2432 2 1446 
# 1 2433 2 1447 
# 1 2434 2 1450 
# 1 2435 2 1451 
# 1 2436 2 1452 
# 1 2437 2 1454 
# 2 2885 1 2438 
# 2 2888 1 2439 
# 1 2440 2 2890 
# 1 2441 2 2891 
# 1 2442 2 2893 
# 1 2443 2 2895 
# 2 2896 1 2444 
# 2 2898 1 2445 
# 2 2899 1 2446 
# 1 2447 2 2902 
# 1 2448 2 2904 
# 1 2449 2 2905 
# 1 2450 2 2906 
# 1 2451 2 2907 
# 1 2453 2 2909 
# 1 2454 2 2911 
# 2 2912 1 2455 
# 2 2915 1 2456 
# 2 2918 1 2457 
# 2 2920 1 2458 
# 2 2921 1 2459 
# 2 2553 1 2461 
# 2 2554 1 2462 
# 1 2463 2 2555 
# 1 2464 2 2556 
# 1 2465 2 2557 
# 1 2466 2 2558 
# 1 2467 2 2559 
# 2 2560 1 2468 
# 2 2561 1 2469 
# 2 2562 1 2470 
# 2 2563 1 2471 
# 2 2564 1 2472 
# 2 2565 1 2473 
# 2 2566 1 2474 
# 2 2567 1 2475 
# 2 2569 1 2476 
# 2 2571 1 2477 
# 2 2572 1 2478 
# 1 2479 2 2573 
# 1 2480 2 2575 
# 2 2576 1 2481 
# 2 2577 1 2482 
# 2 2579 1 2484 
# 1 2485 2 2862 
# 1 2486 2 2863 
# 2 2864 1 2487 
# 2 2865 1 2488 
# 2 2866 1 2489 
# 2 2867 1 2490 
# 2 2869 1 2491 
# 2 2872 1 2493 
# 2 2873 1 2494 
# 1 2495 2 2874 
# 1 2498 2 2878 
# 1 2499 2 2879 
# 2 2880 1 2500 
# 2 2882 1 2501 
# 2 2883 1 2502 
# 2 2884 1 2503 
# 2 2323 1 2504 
# 2 2324 1 2506 
# 2 2325 1 2507 
# 2 2327 1 2509 
# 1 2511 2 2328 
# 1 2512 2 2329 
# 1 2514 2 2330 
# 1 2517 2 2331 
# 1 2521 2 2332 
# 1 2522 2 2333 
# 1 2524 2 2335 
# 2 2336 1 2526 
# 1 2527 2 2337 
# 1 2529 2 2339 
# 2 2340 1 2532 
# 2 2341 1 2534 
# 2 2342 1 2538 
# 2 2343 1 2539 
# 1 2544 2 2345 
# 1 2545 2 731 
# 1 2546 2 732 
# 1 2549 2 733 
# 1 2550 2 734 
# 1 2551 2 735 
# 2 736 1 2553 
# 2 737 1 2554 
# 2 738 1 2556 
# 2 739 1 2557 
# 1 2562 2 741 
# 1 2563 2 742 
# 1 2564 2 743 
# 1 2566 2 744 
# 2 745 1 2568 
# 2 746 1 2570 
# 2 747 1 2571 
# 2 749 1 2573 
# 2 750 1 2574 
# 1 2575 2 751 
# 2 752 1 2577 
# 2 754 1 2578 
# 2 755 1 2580 
# 2 756 1 2582 
# 2 757 1 2584 
# 1 2591 2 758 
# 1 2596 2 760 
# 1 2597 2 762 
# 2 2145 1 2601 
# 2 2146 1 2602 
# 2 2147 1 2603 
# 2 2148 1 2604 
# 2 2149 1 2605 
# 2 2150 1 2606 
# 1 2607 2 2151 
# 1 2608 2 2154 
# 1 2610 2 2155 
# 1 2611 2 2156 
# 1 2612 2 2157 
# 1 2613 2 2158 
# 2 2161 1 2615 
# 2 2163 1 2617 
# 2 2164 1 2618 
# 2 2165 1 2619 
# 2 2166 1 2620 
# 2 2167 1 2621 
# 2 2168 1 2622 
# 1 2623 2 2169 
# 1 2624 2 2170 
# 1 2625 2 1688 
# 1 2626 2 1691 
# 1 2627 2 1693 
# 1 2628 2 1694 
# 2 1698 1 2630 
# 2 1699 1 2631 
# 2 1701 1 2632 
# 2 1703 1 2633 
# 2 1704 1 2634 
# 2 1707 1 2637 
# 2 1709 1 2638 
# 1 2639 2 1710 
# 2 1712 1 2640 
# 2 1713 1 2641 
# 2 1715 1 2642 
# 1 2643 2 1717 
# 1 2645 2 1720 
# 1 2646 2 1722 
# 2 2842 1 2649 
# 1 2652 2 2846 
# 1 2653 2 2847 
# 2 2848 1 2654 
# 1 2655 2 2849 
# 2 2850 1 2658 
# 2 2851 1 2659 
# 2 2852 1 2661 
# 2 2853 1 2662 
# 2 2854 1 2663 
# 2 2855 1 2664 
# 2 2858 1 2666 
# 2 2859 1 2667 
# 2 2860 1 2669 
# 2 1121 1 2670 
# 1 2671 2 1122 
# 1 2672 2 1124 
# 1 2673 2 1126 
# 1 2674 2 1127 
# 1 2676 2 1128 
# 1 2677 2 1129 
# 1 2680 2 1130 
# 1 2681 2 1132 
# 1 2684 2 1134 
# 1 2685 2 1135 
# 2 1136 1 2686 
# 1 2687 2 1137 
# 1 2688 2 1138 
# 1 2689 2 1139 
# 1 2691 2 1141 
# 1 2693 2 1143 
# 1 2694 2 1144 
# 2 1145 1 2696 
# 2 1146 1 2697 
# 1 2698 2 1150 
# 1 2699 2 1151 
# 2 1152 1 2701 
# 2 940 1 2702 
# 1 2704 2 941 
# 2 944 1 2708 
# 2 945 1 2710 
# 2 947 1 2714 
# 2 948 1 2716 
# 2 950 1 2718 
# 1 2719 2 952 
# 1 2720 2 954 
# 1 2724 2 764 
# 1 2726 2 766 
# 2 770 1 2727 
# 2 772 1 2730 
# 2 774 1 2732 
# 2 776 1 2733 
# 2 777 1 2734 
# 1 2735 2 779 
# 1 2736 2 780 
# 1 2737 2 783 
# 2 784 1 2738 
# 2 787 1 2740 
# 2 791 1 2743 
# 2 793 1 2744 
# 1 2745 2 796 
# 1 2746 2 798 
# 2 1817 1 2747 
# 2 1818 1 2748 
# 2 1820 1 2749 
# 2 1821 1 2750 
# 1 2751 2 1823 
# 2 1825 1 2753 
# 2 1826 1 2754 
# 2 1827 1 2755 
# 2 1828 1 2756 
# 2 1829 1 2757 
# 2 1831 1 2758 
# 2 1832 1 2759 
# 1 2760 2 1836 
# 1 2761 2 1837 
# 2 1840 1 2762 
# 2 1842 1 2763 
# 2 1843 1 2764 
# 2 1844 1 2765 
# 2 1846 1 2766 
# 1 2768 2 1849 
# 1 2769 2 1851 
# 1 2770 2 1853 
# 2 1856 1 2771 
# 2 1858 1 2772 
# 2 1201 1 2773 
# 2 1202 1 2775 
# 2 1203 1 2777 
# 2 1204 1 2778 
# 2 1205 1 2779 
# 2 1208 1 2781 
# 1 2783 2 1209 
# 1 2785 2 1210 
# 1 2786 2 1211 
# 1 2788 2 1212 
# 1 2789 2 1213 
# 1 2790 2 1214 
# 1 2792 2 1215 
# 2 1216 1 2793 
# 2 1217 1 2795 
# 2 1218 1 2797 
# 1 2799 2 1220 
# 1 2800 2 1221 
# 1 2802 2 1222 
# 1 2804 2 1223 
# 1 2806 2 2010 
# 1 2808 2 2011 
# 1 2809 2 2012 
# 1 2811 2 2013 
# 1 2812 2 2014 
# 1 2813 2 2015 
# 2 2016 1 2816 
# 2 2017 1 2818 
# 2 2018 1 2819 
# 2 2019 1 2821 
# 2 2020 1 2823 
# 2 2021 1 2824 
# 2 2022 1 2825 
# 2 2024 1 2828 
# 2 2027 1 2830 
# 1 2831 2 2028 
# 1 2834 2 2029 
# 1 2835 2 2030 
# 1 2837 2 2031 
# 2 2032 1 2838 
# 2 2034 1 2840 
# 2 2035 1 2841 
# 2 2037 1 2843 
# 2 2038 1 2844 
# 1 2849 2 2039 
# 1 2850 2 2041 
# 1 2851 2 2042 
# 1 2853 2 2043 
# 1 2854 2 1098 
# 1 2855 2 1100 
# 1 2856 2 1102 
# 2 1104 1 2857 
# 2 1105 1 2858 
# 2 1106 1 2859 
# 2 1109 1 2860 
# 2 1111 1 2861 
# 2 1113 1 2862 
# 1 2863 2 1115 
# 1 2864 2 1117 
# 1 2865 2 1118 
# 1 2868 2 1119 
# 2 1120 1 2869 
# 1 2870 2 2346 
# 1 2872 2 2348 
# 1 2875 2 2351 
# 1 2879 2 2353 
# 1 2880 2 2354 
# 1 2881 2 2355 
# 2 2356 1 2883 
# 2 2357 1 2885 
# 2 2359 1 2887 
# 2 2360 1 2888 
# 2 2362 1 2890 
# 2 2363 1 2892 
# 1 2893 2 2367 
# 2 2368 1 2894 
# 1 2895 2 455 
# 1 2896 2 457 
# 1 2897 2 459 
# 1 2898 2 461 
# 1 2899 2 463 
# 2 465 1 2901 
# 2 467 1 2902 
# 2 469 1 2903 
# 2 471 1 2904 
# 2 473 1 2905 
# 2 474 1 2906 
# 1 2907 2 478 
# 2 955 1 2908 
# 2 958 1 2909 
# 2 959 1 2910 
# 1 2911 2 961 
# 1 2912 2 963 
# 1 2913 2 966 
# 1 2914 2 968 
# 1 2916 2 972 
# 1 2917 2 973 
# 1 2918 2 974 
# 2 976 1 2919 
# 2 977 1 2920 
# 2 979 1 2922 
# 2 982 1 2923 
# 2 985 1 2924 
# 1 2927 2 989 
# 1 2928 2 990 
# 2 992 1 2929 
# 2 994 1 2930 
# 2 996 1 2932 
# 2 997 1 2933 
# 1 2935 2 1002 
# 1 2936 2 1003 
# 1 2937 2 1004 
# 2 1009 1 2939 
# 2 1010 1 2940 
# 2 1016 1 2941 
# 2 1017 1 2942 
# 1 2943 2 1021 
# 1 2944 2 1769 
# 1 2946 2 1770 
# 1 2947 2 1771 
# 1 2949 2 1772 
# 1 2952 2 1773 
# 1 2955 2 1775 
# 2 1777 1 2956 
# 2 1778 1 2957 
# 1 2960 2 1779 
# 1 2962 2 1781 
# 2 1782 1 2965 
# 1 2966 2 1784 
# 1 2968 2 1786 
# 1 2970 2 1788 
# 2 1790 1 2974 
# 1 2975 2 1791 
# 2 1792 1 2976 
# 1 2978 2 318 
# 2 320 1 2979 
# 2 322 1 2980 
# 2 323 1 2981 
# 2 325 1 2982 
# 2 326 1 2983 
# 2 328 1 2985 
# 2 330 1 2986 
# 2 331 1 2987 
# 2 333 1 2988 
# 2 337 1 2989 
# 2 339 1 2990 
# 1 2991 2 342 
# 1 2992 2 343 
# 1 2994 2 347 
# 1 2996 2 351 
# 2 352 1 2997 
# 1 2998 2 1976 
# 1 2999 2 1978 
# 1 3000 2 1979 
# 1 3001 2 1980 
# 1 3002 2 1981 
# 1 3003 2 1982 
# 2 1984 1 3005 
# 1 3007 2 1985 
# 1 3008 2 1986 
# 1 3009 2 1987 
# 1 3010 2 1988 
# 1 3011 2 1990 
# 1 3012 2 1992 
# 1 3013 2 1993 
# 1 3014 2 1994 
# 1 3015 2 1995 
# 1 3016 2 1996 
# 1 3017 2 1997 
# 1 3018 2 1998 
# 1 3019 2 1999 
# 2 2000 1 3020 
# 2 2002 1 3021 
# 2 2003 1 3022 
# 1 3023 2 2004 
# 1 3024 2 2006 
# 1 3025 2 2007 
# 1 3026 2 2009 
