> 1 synthdata_0
> 2 synthdata_1
# 2 2322 1 1 
# 1 2 2 2324 
# 1 3 2 2325 
# 1 4 2 2328 
# 1 5 2 2331 
# 2 2336 1 7 
# 2 2338 1 8 
# 2 2339 1 9 
# 2 2346 1 13 
# 2 2347 1 14 
# 1 15 2 2351 
# 1 17 2 2355 
# 1 19 2 2361 
# 1 20 2 2362 
# 1 21 2 2364 
# 1 23 2 1866 
# 1 24 2 1867 
# 1 25 2 1868 
# 1 26 2 1869 
# 1 27 2 1870 
# 2 1872 1 29 
# 2 1874 1 30 
# 1 31 2 1875 
# 1 33 2 1877 
# 1 35 2 1879 
# 1 37 2 1880 
# 1 38 2 1881 
# 1 39 2 1882 
# 1 40 2 1883 
# 1 41 2 1884 
# 1 42 2 2542 
# 1 43 2 2543 
# 2 2544 1 45 
# 2 2545 1 46 
# 1 48 2 2547 
# 1 49 2 2549 
# 1 50 2 2550 
# 1 51 2 2551 
# 1 52 2 2552 
# 1 54 2 2553 
# 1 55 2 2554 
# 1 56 2 2555 
# 1 57 2 2556 
# 2 2561 1 59 
# 2 2563 1 61 
# 2 2566 1 62 
# 1 63 2 2567 
# 1 64 2 2568 
# 1 65 2 2569 
# 2 976 1 66 
# 2 977 1 67 
# 2 980 1 69 
# 2 981 1 72 
# 2 984 1 74 
# 2 985 1 75 
# 2 986 1 76 
# 2 987 1 77 
# 2 988 1 78 
# 1 79 2 989 
# 1 80 2 991 
# 2 994 1 81 
# 2 995 1 82 
# 2 996 1 83 
# 2 36 1 84 
# 2 37 1 86 
# 2 38 1 87 
# 2 39 1 88 
# 2 40 1 89 
# 2 41 1 90 
# 2 42 1 91 
# 2 43 1 94 
# 1 96 2 44 
# 1 97 2 46 
# 1 98 2 47 
# 2 48 1 99 
# 2 51 1 100 
# 2 52 1 101 
# 2 53 1 103 
# 2 54 1 104 
# 2 55 1 105 
# 2 57 1 106 
# 2 58 1 107 
# 2 200 1 108 
# 2 205 1 109 
# 2 207 1 110 
# 2 208 1 111 
# 1 113 2 213 
# 1 115 2 217 
# 1 116 2 220 
# 1 117 2 221 
# 2 232 1 119 
# 1 121 2 237 
# 2 241 1 123 
# 2 242 1 124 
# 2 243 1 125 
# 1 127 2 249 
# 1 128 2 253 
# 1 129 2 254 
# 2 259 1 131 
# 2 260 1 132 
# 1 133 2 263 
# 1 134 2 265 
# 1 135 2 269 
# 2 280 1 138 
# 2 281 1 139 
# 1 144 2 793 
# 1 146 2 794 
# 1 149 2 795 
# 2 796 1 156 
# 2 797 1 158 
# 1 162 2 798 
# 1 163 2 799 
# 2 800 1 169 
# 2 801 1 171 
# 1 176 2 802 
# 2 803 1 179 
# 1 194 2 804 
# 2 805 1 200 
# 2 806 1 202 
# 1 211 2 807 
# 1 226 2 808 
# 1 227 2 809 
# 2 810 1 236 
# 2 811 1 237 
# 1 245 2 812 
# 2 1365 1 246 
# 2 1366 1 247 
# 2 1367 1 248 
# 2 1368 1 250 
# 2 1370 1 251 
# 1 257 2 1372 
# 1 258 2 1373 
# 1 260 2 1375 
# 2 1376 1 261 
# 2 1377 1 262 
# 2 1378 1 263 
# 2 1380 1 265 
# 2 1381 1 266 
# 2 1382 1 268 
# 2 1383 1 269 
# 1 271 2 1384 
# 1 273 2 1386 
# 1 275 2 1388 
# 1 277 2 1389 
# 1 278 2 1391 
# 2 1393 1 279 
# 2 997 1 281 
# 2 999 1 283 
# 2 1000 1 286 
# 1 287 2 1001 
# 1 288 2 1002 
# 1 289 2 1004 
# 1 290 2 1005 
# 1 291 2 1006 
# 1 293 2 1007 
# 2 1008 1 296 
# 2 1010 1 300 
# 2 1015 1 302 
# 1 303 2 1016 
# 1 304 2 1017 
# 1 305 2 1018 
# 1 306 2 1020 
# 1 308 2 1021 
# 1 309 2 1022 
# 2 1137 1 310 
# 2 1138 1 312 
# 2 1139 1 313 
# 2 1140 1 314 
# 2 1141 1 315 
# 2 1142 1 317 
# 2 1143 1 318 
# 1 319 2 1144 
# 1 320 2 1145 
# 1 322 2 1146 
# 1 323 2 1147 
# 1 326 2 1149 
# 1 327 2 1150 
# 1 329 2 1151 
# 2 1152 1 331 
# 2 1153 1 337 
# 1 338 2 740 
# 1 339 2 741 
# 1 340 2 743 
# 1 341 2 744 
# 1 342 2 746 
# 1 343 2 748 
# 1 344 2 749 
# 1 345 2 751 
# 2 752 1 346 
# 2 753 1 347 
# 2 754 1 348 
# 2 756 1 349 
# 2 757 1 350 
# 1 351 2 758 
# 1 352 2 759 
# 1 354 2 761 
# 1 355 2 762 
# 1 356 2 763 
# 1 357 2 765 
# 1 358 2 766 
# 2 768 1 359 
# 2 769 1 360 
# 2 770 1 361 
# 2 2939 1 362 
# 2 2940 1 363 
# 2 2941 1 364 
# 2 2942 1 365 
# 2 2943 1 366 
# 2 2944 1 367 
# 2 2945 1 368 
# 2 2946 1 369 
# 2 2947 1 370 
# 2 2948 1 371 
# 2 2949 1 372 
# 2 2950 1 373 
# 2 2951 1 374 
# 2 2952 1 375 
# 2 2953 1 377 
# 2 2954 1 378 
# 2 2955 1 379 
# 2 2956 1 380 
# 2 2957 1 381 
# 2 2958 1 382 
# 1 383 2 2959 
# 2 2960 1 384 
# 2 2961 1 385 
# 2 2963 1 386 
# 2 2964 1 387 
# 1 388 2 1433 
# 1 389 2 1434 
# 1 390 2 1435 
# 1 391 2 1438 
# 1 392 2 1439 
# 2 1441 1 393 
# 2 1442 1 394 
# 2 1443 1 395 
# 2 1445 1 396 
# 2 1446 1 397 
# 2 1447 1 398 
# 1 399 2 1448 
# 1 400 2 1449 
# 1 401 2 1450 
# 1 402 2 1451 
# 1 403 2 1452 
# 1 404 2 1453 
# 1 405 2 1454 
# 1 406 2 1455 
# 2 1456 1 407 
# 2 1457 1 408 
# 2 1460 1 409 
# 2 1461 1 411 
# 2 1462 1 412 
# 2 1463 1 413 
# 2 1465 1 414 
# 1 415 2 1466 
# 1 417 2 1469 
# 1 418 2 1470 
# 1 419 2 1471 
# 2 1472 1 421 
# 2 1474 1 422 
# 2 1475 1 423 
# 2 1476 1 424 
# 2 1477 1 425 
# 2 1478 1 426 
# 2 1479 1 427 
# 2 1482 1 428 
# 2 1484 1 430 
# 1 435 2 2679 
# 1 436 2 2680 
# 1 437 2 2681 
# 1 438 2 2682 
# 1 439 2 2684 
# 1 440 2 2685 
# 1 441 2 2686 
# 2 2688 1 443 
# 2 2689 1 444 
# 2 2691 1 445 
# 2 2693 1 446 
# 1 447 2 2695 
# 1 449 2 2696 
# 1 450 2 2697 
# 1 451 2 2698 
# 1 452 2 2699 
# 1 453 2 1991 
# 1 454 2 1997 
# 2 2000 1 455 
# 2 2004 1 457 
# 2 2010 1 458 
# 2 2012 1 459 
# 1 460 2 2015 
# 2 2023 1 462 
# 1 463 2 2024 
# 1 464 2 2028 
# 2 2032 1 465 
# 1 466 2 334 
# 2 336 1 467 
# 2 340 1 468 
# 2 342 1 469 
# 1 471 2 348 
# 1 472 2 350 
# 2 352 1 473 
# 2 356 1 474 
# 2 358 1 475 
# 2 360 1 476 
# 2 362 1 477 
# 1 479 2 366 
# 2 369 1 480 
# 1 481 2 371 
# 1 482 2 373 
# 1 483 2 375 
# 1 484 2 379 
# 1 485 2 382 
# 2 384 1 486 
# 2 385 1 487 
# 2 386 1 488 
# 2 388 1 489 
# 2 390 1 490 
# 2 392 1 491 
# 2 424 1 493 
# 2 426 1 494 
# 1 495 2 429 
# 1 496 2 431 
# 2 432 1 497 
# 2 434 1 498 
# 1 499 2 437 
# 1 500 2 442 
# 1 501 2 445 
# 2 448 1 502 
# 2 451 1 503 
# 2 454 1 504 
# 2 458 1 506 
# 1 507 2 461 
# 2 1155 1 508 
# 2 1156 1 509 
# 2 1158 1 510 
# 1 511 2 1161 
# 1 513 2 1163 
# 1 514 2 1164 
# 1 515 2 1165 
# 2 1168 1 516 
# 2 1169 1 517 
# 2 1173 1 518 
# 2 1174 1 519 
# 2 1177 1 520 
# 1 522 2 1180 
# 1 523 2 1181 
# 1 524 2 1182 
# 1 525 2 1183 
# 2 1184 1 526 
# 1 527 2 1185 
# 1 528 2 1187 
# 1 529 2 1188 
# 1 530 2 1190 
# 2 2033 1 532 
# 2 2034 1 534 
# 2 2035 1 535 
# 2 2036 1 536 
# 2 2038 1 537 
# 2 2039 1 540 
# 2 2040 1 541 
# 2 2041 1 542 
# 1 546 2 2042 
# 1 547 2 2044 
# 1 548 2 2046 
# 2 2048 1 550 
# 2 2050 1 551 
# 2 2051 1 552 
# 2 2052 1 553 
# 2 2053 1 555 
# 2 2055 1 556 
# 2 2056 1 557 
# 2 2057 1 558 
# 1 560 2 2061 
# 1 561 2 2062 
# 2 2064 1 562 
# 2 2065 1 563 
# 2 2067 1 564 
# 2 2068 1 565 
# 1 566 2 1311 
# 2 1312 1 568 
# 2 1313 1 569 
# 2 1314 1 570 
# 2 1315 1 571 
# 2 1316 1 572 
# 1 575 2 1318 
# 1 576 2 1319 
# 1 577 2 1320 
# 1 578 2 1321 
# 1 580 2 1322 
# 1 581 2 1323 
# 1 582 2 1324 
# 1 583 2 1325 
# 1 584 2 1326 
# 1 585 2 1327 
# 2 1330 1 587 
# 2 1331 1 589 
# 2 1333 1 590 
# 1 591 2 1335 
# 1 593 2 1336 
# 1 594 2 1337 
# 1 595 2 1338 
# 1 596 2 1339 
# 1 597 2 1341 
# 1 598 2 1342 
# 1 599 2 1343 
# 2 2392 1 600 
# 2 2393 1 601 
# 2 2394 1 602 
# 2 2395 1 603 
# 2 2396 1 606 
# 1 608 2 2398 
# 2 2400 1 610 
# 2 2401 1 611 
# 2 2403 1 614 
# 2 2405 1 619 
# 2 2406 1 622 
# 1 624 2 2409 
# 1 625 2 2410 
# 1 627 2 2411 
# 1 628 2 2412 
# 1 630 2 2413 
# 1 632 2 2414 
# 2 2417 1 634 
# 2 2418 1 636 
# 1 639 2 2419 
# 1 640 2 2420 
# 1 642 2 2422 
# 1 643 2 2423 
# 1 644 2 2425 
# 1 645 2 2426 
# 1 647 2 2429 
# 1 648 2 2430 
# 1 649 2 2431 
# 2 2432 1 650 
# 2 2434 1 651 
# 2 2436 1 652 
# 2 2437 1 653 
# 2 2438 1 654 
# 1 656 2 2439 
# 1 657 2 2440 
# 1 659 2 2441 
# 1 661 2 2366 
# 1 662 2 2367 
# 2 2368 1 665 
# 2 2369 1 666 
# 2 2370 1 668 
# 2 2371 1 670 
# 1 671 2 2372 
# 1 672 2 2373 
# 1 675 2 2374 
# 1 676 2 2375 
# 1 677 2 2376 
# 1 678 2 2377 
# 1 679 2 2378 
# 1 680 2 2379 
# 1 681 2 2380 
# 1 683 2 2381 
# 1 684 2 2382 
# 2 2383 1 686 
# 1 687 2 2385 
# 1 688 2 2386 
# 1 689 2 2387 
# 1 690 2 2388 
# 1 691 2 1050 
# 1 692 2 1053 
# 1 693 2 1054 
# 2 1060 1 695 
# 2 1061 1 696 
# 2 1063 1 697 
# 2 1066 1 698 
# 1 699 2 1069 
# 1 700 2 1070 
# 2 1074 1 701 
# 2 1075 1 702 
# 1 703 2 1078 
# 1 704 2 1079 
# 1 705 2 1082 
# 1 706 2 1085 
# 1 707 2 1086 
# 2 1089 1 708 
# 2 1090 1 709 
# 2 1097 1 712 
# 1 714 2 1102 
# 2 1104 1 715 
# 2 1109 1 716 
# 1 717 2 1023 
# 2 1024 1 719 
# 2 1025 1 720 
# 2 1026 1 722 
# 2 1027 1 726 
# 2 1028 1 728 
# 2 1029 1 729 
# 2 1030 1 730 
# 2 1032 1 732 
# 2 1034 1 734 
# 1 736 2 1036 
# 1 738 2 1037 
# 1 739 2 1038 
# 1 742 2 1039 
# 2 1040 1 743 
# 2 1041 1 745 
# 2 1042 1 746 
# 2 1044 1 747 
# 2 1045 1 748 
# 2 1046 1 749 
# 2 1047 1 750 
# 1 751 2 1048 
# 1 756 2 2924 
# 1 757 2 2925 
# 1 758 2 2926 
# 1 759 2 2927 
# 2 2928 1 761 
# 2 2930 1 764 
# 2 2931 1 765 
# 1 767 2 2932 
# 1 768 2 2933 
# 1 770 2 2935 
# 1 771 2 2936 
# 1 773 2 2937 
# 1 775 2 2938 
# 2 641 1 776 
# 2 642 1 777 
# 2 643 1 778 
# 2 644 1 780 
# 2 645 1 781 
# 1 783 2 646 
# 1 784 2 647 
# 1 785 2 648 
# 1 786 2 649 
# 1 788 2 651 
# 1 789 2 652 
# 1 790 2 653 
# 1 791 2 654 
# 1 792 2 655 
# 2 657 1 794 
# 2 658 1 795 
# 2 659 1 797 
# 2 660 1 798 
# 1 799 2 661 
# 1 801 2 662 
# 1 802 2 664 
# 1 804 2 665 
# 1 805 2 666 
# 1 806 2 667 
# 1 807 2 668 
# 1 808 2 671 
# 2 672 1 809 
# 2 2704 1 811 
# 2 2705 1 812 
# 1 818 2 2711 
# 1 819 2 2712 
# 1 820 2 2713 
# 1 823 2 2714 
# 1 824 2 2715 
# 1 825 2 2716 
# 1 826 2 2717 
# 1 827 2 2718 
# 1 828 2 2719 
# 2 2720 1 831 
# 2 2721 1 833 
# 2 2722 1 836 
# 2 772 1 837 
# 2 773 1 838 
# 2 774 1 843 
# 2 775 1 845 
# 2 777 1 846 
# 1 847 2 779 
# 1 848 2 780 
# 1 849 2 782 
# 1 851 2 783 
# 2 784 1 853 
# 2 785 1 854 
# 2 786 1 855 
# 2 787 1 857 
# 2 789 1 858 
# 2 790 1 859 
# 1 860 2 2990 
# 1 861 2 2991 
# 2 2992 1 863 
# 2 2993 1 864 
# 2 2994 1 865 
# 2 2995 1 867 
# 2 2996 1 870 
# 2 2997 1 871 
# 2 2998 1 873 
# 2 2999 1 874 
# 2 3000 1 876 
# 2 3001 1 878 
# 1 879 2 3002 
# 1 882 2 3004 
# 1 885 2 3005 
# 1 886 2 3006 
# 1 888 2 3007 
# 2 3008 1 889 
# 2 3009 1 892 
# 2 3010 1 893 
# 1 895 2 1114 
# 1 896 2 1115 
# 1 897 2 1116 
# 1 898 2 1117 
# 1 900 2 1119 
# 2 1121 1 901 
# 2 1123 1 904 
# 2 1124 1 905 
# 2 1126 1 907 
# 2 1127 1 908 
# 2 1129 1 909 
# 2 1133 1 910 
# 1 911 2 1135 
# 1 912 2 840 
# 1 913 2 845 
# 1 915 2 847 
# 2 848 1 916 
# 2 849 1 917 
# 2 851 1 918 
# 2 852 1 919 
# 2 855 1 922 
# 2 860 1 924 
# 1 925 2 863 
# 1 927 2 865 
# 1 929 2 869 
# 1 930 2 872 
# 1 931 2 874 
# 1 932 2 1291 
# 1 933 2 1293 
# 1 934 2 1295 
# 2 1296 1 935 
# 2 1297 1 937 
# 2 1301 1 939 
# 2 1302 1 940 
# 2 1303 1 941 
# 1 944 2 1304 
# 1 945 2 1305 
# 1 946 2 1306 
# 1 947 2 1307 
# 1 948 2 1308 
# 1 949 2 1309 
# 1 950 2 1310 
# 2 1191 1 951 
# 1 952 2 1196 
# 2 1200 1 954 
# 2 1201 1 955 
# 2 1205 1 956 
# 1 960 2 1212 
# 2 1217 1 961 
# 1 964 2 1224 
# 1 965 2 1225 
# 1 966 2 1230 
# 1 967 2 1231 
# 2 1236 1 968 
# 2 1240 1 969 
# 2 1241 1 970 
# 2 1245 1 972 
# 2 1246 1 973 
# 2 1250 1 974 
# 1 975 2 1251 
# 1 976 2 1252 
# 1 977 2 1253 
# 1 978 2 1256 
# 1 979 2 59 
# 1 981 2 61 
# 1 982 2 62 
# 1 983 2 63 
# 2 64 1 985 
# 2 65 1 986 
# 2 67 1 987 
# 2 70 1 988 
# 2 71 1 989 
# 2 72 1 990 
# 1 991 2 73 
# 1 992 2 75 
# 1 994 2 2132 
# 2 2133 1 998 
# 2 2134 1 1002 
# 1 1008 2 2138 
# 1 1010 2 2139 
# 1 1011 2 2140 
# 1 1013 2 2141 
# 1 1015 2 2142 
# 1 1016 2 2143 
# 2 2144 1 1018 
# 2 2146 1 1020 
# 1 1023 2 2147 
# 1 1025 2 2148 
# 2 2149 1 1031 
# 2 2150 1 1035 
# 1 1040 2 1527 
# 1 1042 2 1528 
# 1 1043 2 1529 
# 1 1044 2 1531 
# 1 1048 2 1535 
# 2 1536 1 1049 
# 2 1537 1 1050 
# 2 1539 1 1052 
# 2 1542 1 1053 
# 2 1543 1 1054 
# 1 1055 2 1544 
# 1 1056 2 1545 
# 1 1057 2 1546 
# 1 1058 2 1547 
# 1 1059 2 1548 
# 1 1060 2 1549 
# 1 1061 2 287 
# 2 289 1 1069 
# 1 1071 2 290 
# 1 1072 2 291 
# 1 1073 2 292 
# 2 293 1 1076 
# 2 294 1 1079 
# 2 295 1 1082 
# 2 296 1 1085 
# 1 1088 2 297 
# 1 1090 2 299 
# 1 1093 2 300 
# 1 1095 2 301 
# 2 1763 1 1098 
# 2 1764 1 1099 
# 1 1103 2 1765 
# 1 1104 2 1766 
# 1 1105 2 1767 
# 1 1110 2 1770 
# 1 1111 2 1771 
# 1 1112 2 1773 
# 1 1113 2 1774 
# 1 1114 2 1775 
# 2 1776 1 1115 
# 2 1777 1 1116 
# 2 1778 1 1117 
# 2 1779 1 1118 
# 1 1119 2 1780 
# 1 1120 2 1781 
# 1 1122 2 3038 
# 2 3040 1 1123 
# 2 3041 1 1125 
# 2 3042 1 1126 
# 2 3043 1 1128 
# 2 3045 1 1131 
# 2 3047 1 1133 
# 1 1135 2 3049 
# 1 1136 2 3050 
# 1 1137 2 3051 
# 1 1138 2 3052 
# 1 1139 2 3053 
# 1 1143 2 3055 
# 2 3056 1 1145 
# 2 3057 1 1147 
# 2 3058 1 1148 
# 2 3059 1 1150 
# 1 1152 2 3060 
# 1 1153 2 3061 
# 1 1155 2 3062 
# 1 1156 2 3063 
# 1 1158 2 3064 
# 1 1159 2 2153 
# 1 1160 2 2154 
# 1 1161 2 2155 
# 2 2156 1 1163 
# 2 2157 1 1164 
# 1 1165 2 2159 
# 2 2160 1 1167 
# 2 2161 1 1168 
# 2 2162 1 1169 
# 1 1170 2 2164 
# 1 1171 2 2165 
# 1 1172 2 2166 
# 1 1173 2 2167 
# 1 1174 2 2168 
# 1 1176 2 2171 
# 1 1178 2 2172 
# 1 1179 2 2174 
# 2 2176 1 1180 
# 2 2177 1 1181 
# 2 705 1 1184 
# 1 1185 2 711 
# 1 1187 2 713 
# 1 1188 2 715 
# 1 1189 2 717 
# 2 720 1 1190 
# 2 722 1 1191 
# 2 725 1 1192 
# 2 727 1 1193 
# 2 729 1 1194 
# 2 730 1 1195 
# 2 733 1 1196 
# 1 1197 2 735 
# 1 1199 2 738 
# 1 1200 2 2071 
# 1 1201 2 2072 
# 1 1202 2 2073 
# 1 1203 2 2074 
# 1 1204 2 2075 
# 1 1205 2 2076 
# 1 1207 2 2077 
# 1 1209 2 2078 
# 1 1210 2 2079 
# 2 2081 1 1212 
# 2 2082 1 1213 
# 2 2083 1 1214 
# 1 1217 2 2084 
# 1 1218 2 2085 
# 1 1219 2 2086 
# 1 1220 2 2087 
# 1 1221 2 2088 
# 1 1222 2 2089 
# 1 1224 2 2091 
# 1 1225 2 2092 
# 1 1226 2 2093 
# 1 1227 2 2094 
# 2 2098 1 1228 
# 2 2102 1 1229 
# 1 1231 2 2103 
# 1 1232 2 2104 
# 1 1233 2 2106 
# 1 1234 2 2107 
# 1 1235 2 2108 
# 1 1236 2 2109 
# 2 2112 1 1237 
# 2 2113 1 1238 
# 2 2117 1 1239 
# 2 2118 1 1240 
# 2 2119 1 1242 
# 2 2120 1 1243 
# 2 2124 1 1244 
# 2 2125 1 1245 
# 2 2127 1 1246 
# 2 2129 1 1248 
# 2 2130 1 1249 
# 2 2131 1 1250 
# 1 1251 2 1885 
# 2 1888 1 1252 
# 2 1890 1 1253 
# 2 1891 1 1254 
# 2 1893 1 1255 
# 2 1894 1 1256 
# 2 1896 1 1259 
# 2 1897 1 1260 
# 2 1898 1 1261 
# 1 1263 2 1900 
# 1 1264 2 1902 
# 2 1906 1 1265 
# 1 1266 2 1908 
# 1 1267 2 1909 
# 1 1268 2 1914 
# 1 1269 2 1915 
# 1 1270 2 1917 
# 1 1271 2 1918 
# 1 1272 2 1919 
# 2 1920 1 1273 
# 2 2507 1 1274 
# 2 2508 1 1276 
# 1 1280 2 2509 
# 1 1281 2 2511 
# 2 2512 1 1283 
# 2 2514 1 1287 
# 2 2515 1 1289 
# 2 2516 1 1292 
# 2 2517 1 1293 
# 2 2518 1 1294 
# 1 1295 2 2520 
# 1 1296 2 2178 
# 2 2179 1 1298 
# 2 2180 1 1299 
# 2 2181 1 1301 
# 2 2182 1 1302 
# 2 2183 1 1304 
# 2 2184 1 1305 
# 2 2185 1 1307 
# 2 2186 1 1308 
# 2 2187 1 1310 
# 1 1311 2 2188 
# 1 1312 2 2189 
# 1 1313 2 2190 
# 1 1314 2 2191 
# 2 2193 1 1316 
# 2 2194 1 1318 
# 2 2195 1 1319 
# 2 2196 1 1322 
# 2 2197 1 1323 
# 2 2198 1 1324 
# 2 2200 1 1326 
# 1 1327 2 2201 
# 1 1328 2 2202 
# 1 1329 2 2203 
# 1 1330 2 2204 
# 1 1333 2 2205 
# 1 1334 2 2206 
# 1 1335 2 877 
# 1 1336 2 878 
# 1 1337 2 879 
# 2 880 1 1338 
# 2 881 1 1340 
# 2 883 1 1341 
# 2 884 1 1342 
# 1 1343 2 885 
# 1 1344 2 886 
# 1 1345 2 887 
# 1 1347 2 888 
# 1 1348 2 889 
# 1 1349 2 890 
# 1 1350 2 891 
# 1 1351 2 892 
# 1 1353 2 894 
# 1 1355 2 895 
# 2 897 1 1357 
# 2 898 1 1358 
# 2 900 1 1363 
# 2 901 1 1364 
# 2 902 1 1365 
# 2 2208 1 1366 
# 2 2209 1 1368 
# 2 2210 1 1369 
# 2 2211 1 1370 
# 2 2213 1 1373 
# 2 2214 1 1374 
# 1 1375 2 2215 
# 1 1378 2 2217 
# 1 1380 2 2220 
# 1 1382 2 2221 
# 1 1383 2 2222 
# 1 1384 2 2223 
# 2 2224 1 1385 
# 2 2225 1 1386 
# 2 1673 1 1389 
# 2 1676 1 1390 
# 1 1391 2 1679 
# 1 1392 2 1682 
# 1 1394 2 1686 
# 1 1395 2 1689 
# 1 1396 2 1690 
# 1 1397 2 1691 
# 1 1398 2 1692 
# 1 1399 2 1693 
# 2 1696 1 1400 
# 2 1697 1 1401 
# 2 1702 1 1403 
# 2 1703 1 1404 
# 2 1705 1 1405 
# 2 1708 1 1406 
# 1 1407 2 1711 
# 2 1713 1 1408 
# 1 1409 2 1716 
# 1 1410 2 1718 
# 1 1412 2 1720 
# 1 1413 2 1724 
# 1 1414 2 1727 
# 2 1728 1 1415 
# 2 1731 1 1417 
# 2 1734 1 1418 
# 2 1736 1 1420 
# 2 1737 1 1421 
# 2 1738 1 1422 
# 1 1423 2 1740 
# 1 1424 2 1741 
# 1 1425 2 1747 
# 1 1426 2 1748 
# 1 1427 2 1749 
# 1 1428 2 1750 
# 1 1429 2 1751 
# 1 1432 2 1754 
# 1 1433 2 1758 
# 2 1761 1 1434 
# 2 1258 1 1435 
# 2 1259 1 1436 
# 2 1260 1 1437 
# 2 1261 1 1438 
# 1 1439 2 1262 
# 1 1440 2 1263 
# 2 1264 1 1441 
# 2 1266 1 1442 
# 2 1267 1 1444 
# 2 1268 1 1445 
# 2 1269 1 1446 
# 2 1270 1 1447 
# 2 1271 1 1448 
# 2 1273 1 1449 
# 2 1274 1 1450 
# 2 1276 1 1452 
# 2 1277 1 1453 
# 2 1279 1 1454 
# 2 1280 1 1455 
# 1 1456 2 1286 
# 1 1457 2 1287 
# 2 3011 1 1458 
# 2 3012 1 1460 
# 2 3013 1 1462 
# 2 3014 1 1463 
# 2 3015 1 1464 
# 2 3017 1 1465 
# 2 3018 1 1466 
# 2 3019 1 1467 
# 2 3020 1 1468 
# 2 3021 1 1469 
# 2 3022 1 1470 
# 1 1471 2 3023 
# 2 3024 1 1472 
# 2 3025 1 1473 
# 2 3026 1 1474 
# 2 3027 1 1475 
# 2 3028 1 1476 
# 2 3030 1 1478 
# 2 3031 1 1479 
# 2 3032 1 1480 
# 2 3034 1 1481 
# 2 3035 1 1482 
# 1 1483 2 3037 
# 1 1484 2 814 
# 2 817 1 1485 
# 2 819 1 1486 
# 1 1489 2 821 
# 1 1490 2 822 
# 1 1492 2 825 
# 1 1493 2 826 
# 1 1494 2 827 
# 1 1495 2 828 
# 1 1496 2 829 
# 1 1497 2 830 
# 1 1498 2 831 
# 2 835 1 1500 
# 2 837 1 1501 
# 2 838 1 1502 
# 1 1503 2 1550 
# 1 1506 2 1551 
# 2 1552 1 1508 
# 2 1553 1 1510 
# 2 1554 1 1511 
# 2 1555 1 1513 
# 2 1557 1 1518 
# 1 1521 2 1558 
# 1 1524 2 1560 
# 1 1525 2 1561 
# 1 1527 2 1562 
# 2 1563 1 1530 
# 2 1565 1 1533 
# 1 1535 2 1566 
# 1 1536 2 1567 
# 1 1538 2 158 
# 1 1540 2 159 
# 2 160 1 1542 
# 2 161 1 1543 
# 2 162 1 1544 
# 2 163 1 1548 
# 1 1551 2 165 
# 1 1552 2 166 
# 1 1553 2 167 
# 1 1554 2 168 
# 1 1555 2 169 
# 1 1556 2 170 
# 1 1559 2 171 
# 1 1560 2 173 
# 2 2226 1 1561 
# 2 2227 1 1563 
# 2 2228 1 1564 
# 2 2229 1 1565 
# 2 2230 1 1566 
# 1 1567 2 2233 
# 1 1568 2 2234 
# 1 1569 2 2235 
# 1 1570 2 2237 
# 1 1572 2 2238 
# 1 1573 2 2239 
# 2 2240 1 1574 
# 2 2241 1 1575 
# 2 2242 1 1576 
# 2 2243 1 1577 
# 2 2244 1 1579 
# 2 2245 1 1580 
# 2 2247 1 1581 
# 1 1583 2 2250 
# 1 1584 2 2252 
# 1 1585 2 1486 
# 2 1488 1 1586 
# 2 1490 1 1590 
# 2 1491 1 1591 
# 2 1492 1 1592 
# 2 1496 1 1593 
# 2 1498 1 1594 
# 2 1500 1 1595 
# 2 1501 1 1597 
# 2 1502 1 1598 
# 1 1600 2 1503 
# 1 1601 2 2595 
# 1 1602 2 2596 
# 1 1603 2 2597 
# 2 2598 1 1605 
# 2 2600 1 1607 
# 2 2601 1 1608 
# 2 2602 1 1609 
# 2 2603 1 1610 
# 2 2604 1 1611 
# 2 2605 1 1613 
# 2 2606 1 1614 
# 1 1615 2 2607 
# 2 2608 1 1616 
# 2 2609 1 1617 
# 2 2611 1 1618 
# 2 2612 1 1619 
# 2 2613 1 1620 
# 2 2614 1 1621 
# 1 1622 2 2570 
# 1 1623 2 2571 
# 1 1624 2 2572 
# 1 1625 2 2573 
# 2 2576 1 1626 
# 2 2579 1 1628 
# 2 2582 1 1629 
# 2 2585 1 1630 
# 1 1631 2 2586 
# 1 1633 2 2587 
# 1 1634 2 2588 
# 1 1635 2 2589 
# 1 1636 2 2590 
# 1 1637 2 2591 
# 2 2593 1 1639 
# 1 1640 2 556 
# 1 1641 2 558 
# 2 563 1 1643 
# 2 571 1 1644 
# 2 576 1 1646 
# 1 1647 2 581 
# 1 1648 2 582 
# 1 1649 2 585 
# 1 1650 2 587 
# 1 1651 2 591 
# 2 592 1 1652 
# 2 596 1 1653 
# 2 597 1 1654 
# 1 1655 2 601 
# 1 1656 2 602 
# 1 1657 2 606 
# 2 609 1 1658 
# 2 612 1 1659 
# 2 615 1 1660 
# 2 617 1 1661 
# 2 619 1 1662 
# 2 1504 1 1663 
# 2 1505 1 1667 
# 2 1506 1 1669 
# 2 1507 1 1670 
# 2 1508 1 1672 
# 2 1509 1 1673 
# 2 1510 1 1674 
# 2 1512 1 1677 
# 1 1679 2 1513 
# 1 1681 2 1514 
# 1 1683 2 1515 
# 1 1686 2 1516 
# 1 1687 2 1517 
# 1 1688 2 1518 
# 2 1520 1 1690 
# 2 1522 1 1693 
# 1 1695 2 1523 
# 1 1697 2 1828 
# 1 1698 2 1830 
# 1 1699 2 1831 
# 1 1700 2 1832 
# 1 1701 2 1834 
# 1 1702 2 1835 
# 1 1703 2 1838 
# 2 1841 1 1704 
# 2 1844 1 1705 
# 2 1846 1 1706 
# 2 1848 1 1708 
# 2 1850 1 1710 
# 1 1711 2 1854 
# 2 1856 1 1712 
# 2 1857 1 1713 
# 1 1714 2 1861 
# 1 1715 2 1864 
# 2 529 1 1716 
# 2 531 1 1717 
# 2 532 1 1719 
# 2 533 1 1720 
# 2 534 1 1721 
# 2 535 1 1722 
# 2 537 1 1725 
# 2 538 1 1726 
# 1 1728 2 539 
# 1 1729 2 540 
# 1 1730 2 541 
# 1 1731 2 542 
# 1 1732 2 543 
# 2 544 1 1735 
# 2 545 1 1737 
# 2 546 1 1738 
# 2 547 1 1739 
# 2 549 1 1741 
# 2 550 1 1742 
# 1 1744 2 552 
# 1 1747 2 553 
# 1 1748 2 1591 
# 2 1601 1 1750 
# 2 1608 1 1752 
# 2 1617 1 1753 
# 2 1618 1 1754 
# 2 1622 1 1755 
# 2 1626 1 1757 
# 2 1627 1 1758 
# 1 1759 2 1631 
# 2 1633 1 1760 
# 1 1761 2 1636 
# 1 1762 2 1641 
# 1 1764 2 1646 
# 1 1765 2 1647 
# 2 1652 1 1767 
# 2 1653 1 1768 
# 2 1657 1 1769 
# 1 1770 2 1660 
# 2 2300 1 1771 
# 2 2301 1 1774 
# 1 1778 2 2302 
# 2 2304 1 1780 
# 2 2305 1 1781 
# 2 2306 1 1784 
# 2 2307 1 1786 
# 2 2308 1 1787 
# 2 2309 1 1789 
# 1 1792 2 2310 
# 1 1793 2 2311 
# 1 1796 2 2312 
# 1 1797 2 2313 
# 1 1800 2 2314 
# 2 2315 1 1803 
# 1 1810 2 2316 
# 1 1813 2 2317 
# 1 1820 2 2318 
# 2 2770 1 1830 
# 1 1841 2 2772 
# 2 2773 1 1844 
# 2 2774 1 1846 
# 2 2775 1 1851 
# 1 1855 2 2777 
# 1 1857 2 2778 
# 1 1859 2 2779 
# 1 1863 2 2780 
# 1 1868 2 2782 
# 1 1874 2 2783 
# 2 2784 1 1875 
# 2 2785 1 1876 
# 2 2786 1 1881 
# 1 1892 2 462 
# 2 464 1 1894 
# 2 465 1 1896 
# 2 466 1 1897 
# 2 467 1 1900 
# 1 1904 2 468 
# 1 1905 2 469 
# 1 1908 2 470 
# 2 471 1 1911 
# 2 472 1 1912 
# 2 473 1 1913 
# 2 474 1 1917 
# 1 1919 2 475 
# 1 1920 2 476 
# 1 1921 2 478 
# 2 482 1 1925 
# 2 483 1 1930 
# 2 484 1 1933 
# 1 1935 2 485 
# 1 1938 2 488 
# 1 1941 2 489 
# 2 490 1 1946 
# 2 491 1 1947 
# 1 1951 2 492 
# 1 1955 2 494 
# 1 1957 2 495 
# 2 496 1 1958 
# 2 498 1 1959 
# 2 499 1 1962 
# 2 500 1 1963 
# 2 501 1 1965 
# 2 502 1 1966 
# 1 1967 2 504 
# 1 1970 2 505 
# 1 1971 2 506 
# 1 1975 2 507 
# 1 1976 2 508 
# 1 1977 2 509 
# 2 511 1 1982 
# 2 512 1 1984 
# 2 513 1 1986 
# 2 515 1 1987 
# 2 516 1 1988 
# 2 517 1 1989 
# 2 518 1 1991 
# 2 519 1 1992 
# 2 520 1 1993 
# 2 522 1 1996 
# 2 523 1 1997 
# 2 524 1 1998 
# 1 2000 2 526 
# 1 2002 2 527 
# 2 528 1 2003 
# 1 2005 2 2462 
# 1 2006 2 2463 
# 2 2464 1 2007 
# 2 2465 1 2008 
# 2 2466 1 2009 
# 2 2467 1 2010 
# 2 2468 1 2011 
# 2 2469 1 2012 
# 2 2470 1 2013 
# 2 2472 1 2014 
# 1 2015 2 2473 
# 1 2016 2 2474 
# 1 2017 2 2476 
# 1 2019 2 2477 
# 1 2020 2 2478 
# 2 2480 1 2021 
# 2 2483 1 2022 
# 2 2523 1 2029 
# 2 2524 1 2030 
# 1 2031 2 2525 
# 1 2032 2 2526 
# 1 2033 2 2527 
# 2 2528 1 2034 
# 2 2529 1 2035 
# 2 2530 1 2036 
# 2 2531 1 2038 
# 2 2532 1 2039 
# 2 2533 1 2040 
# 2 2534 1 2041 
# 2 2536 1 2043 
# 2 2537 1 2044 
# 2 2538 1 2045 
# 2 2539 1 2046 
# 1 2047 2 2540 
# 1 2049 2 2541 
# 2 1 1 2050 
# 2 3 1 2052 
# 2 5 1 2054 
# 2 7 1 2055 
# 1 2056 2 10 
# 1 2057 2 11 
# 2 12 1 2059 
# 1 2060 2 15 
# 2 17 1 2061 
# 1 2064 2 19 
# 1 2066 2 27 
# 1 2067 2 30 
# 2 32 1 2068 
# 2 33 1 2069 
# 1 2070 2 397 
# 1 2071 2 398 
# 2 400 1 2072 
# 2 401 1 2073 
# 2 402 1 2074 
# 2 405 1 2075 
# 2 406 1 2077 
# 1 2079 2 407 
# 1 2080 2 408 
# 1 2081 2 409 
# 1 2082 2 410 
# 1 2083 2 411 
# 1 2084 2 412 
# 1 2085 2 413 
# 1 2087 2 415 
# 2 416 1 2088 
# 2 417 1 2089 
# 2 418 1 2090 
# 2 419 1 2091 
# 2 1395 1 2093 
# 1 2095 2 1397 
# 1 2097 2 1398 
# 1 2098 2 1399 
# 1 2100 2 1404 
# 1 2101 2 1407 
# 2 1409 1 2102 
# 2 1410 1 2103 
# 2 1413 1 2104 
# 2 1415 1 2105 
# 1 2107 2 1423 
# 2 1424 1 2108 
# 2 1425 1 2109 
# 1 2111 2 1428 
# 1 2113 2 1430 
# 1 2114 2 2855 
# 1 2115 2 2856 
# 1 2116 2 2857 
# 1 2117 2 2858 
# 1 2118 2 2859 
# 1 2119 2 2860 
# 1 2120 2 2862 
# 1 2121 2 2863 
# 2 2865 1 2122 
# 2 2866 1 2123 
# 2 2867 1 2124 
# 2 2870 1 2125 
# 2 2873 1 2126 
# 1 2127 2 2876 
# 1 2128 2 2878 
# 1 2129 2 2879 
# 1 2131 2 2885 
# 1 2132 2 2886 
# 1 2133 2 2890 
# 1 2134 2 2891 
# 1 2135 2 2895 
# 2 674 1 2137 
# 2 676 1 2138 
# 2 677 1 2139 
# 2 678 1 2140 
# 2 679 1 2141 
# 2 682 1 2142 
# 1 2144 2 686 
# 1 2145 2 687 
# 2 689 1 2146 
# 2 690 1 2147 
# 2 691 1 2149 
# 2 692 1 2150 
# 2 693 1 2151 
# 2 695 1 2152 
# 2 697 1 2153 
# 2 698 1 2154 
# 2 700 1 2155 
# 2 701 1 2156 
# 2 1344 1 2157 
# 2 1346 1 2158 
# 1 2161 2 1347 
# 1 2162 2 1348 
# 1 2163 2 1349 
# 1 2164 2 1350 
# 1 2165 2 1351 
# 1 2166 2 1352 
# 1 2167 2 1353 
# 1 2168 2 1354 
# 2 1355 1 2170 
# 2 1356 1 2171 
# 2 1357 1 2172 
# 2 1358 1 2173 
# 1 2175 2 1359 
# 2 1360 1 2176 
# 2 1361 1 2177 
# 2 1362 1 2178 
# 2 1363 1 2179 
# 2 2896 1 2182 
# 2 2897 1 2185 
# 2 2899 1 2189 
# 1 2192 2 2901 
# 1 2193 2 2902 
# 1 2198 2 2904 
# 2 2905 1 2200 
# 2 2909 1 2206 
# 1 2207 2 2910 
# 1 2208 2 2911 
# 2 2912 1 2210 
# 2 2913 1 2211 
# 2 2914 1 2213 
# 2 2915 1 2214 
# 2 2916 1 2217 
# 2 2918 1 2219 
# 1 2226 2 623 
# 2 624 1 2228 
# 2 625 1 2229 
# 2 626 1 2231 
# 2 627 1 2232 
# 2 628 1 2233 
# 2 630 1 2237 
# 1 2239 2 631 
# 1 2240 2 632 
# 1 2242 2 633 
# 1 2243 2 634 
# 1 2247 2 635 
# 1 2248 2 636 
# 1 2250 2 637 
# 1 2251 2 638 
# 1 2253 2 639 
# 2 640 1 2257 
# 1 2258 2 2442 
# 1 2259 2 2444 
# 1 2260 2 2446 
# 1 2261 2 2447 
# 2 2448 1 2262 
# 2 2450 1 2264 
# 2 2451 1 2265 
# 2 2452 1 2266 
# 2 2453 1 2267 
# 2 2455 1 2269 
# 1 2271 2 2457 
# 1 2272 2 2458 
# 1 2273 2 2459 
# 1 2275 2 2460 
# 1 2276 2 2461 
# 2 2789 1 2278 
# 2 2791 1 2284 
# 1 2287 2 2792 
# 1 2288 2 2793 
# 1 2290 2 2794 
# 1 2294 2 2795 
# 2 2796 1 2300 
# 2 2797 1 2301 
# 1 2303 2 2798 
# 1 2304 2 2799 
# 2 2800 1 2305 
# 2 2801 1 2306 
# 2 2802 1 2310 
# 2 2804 1 2314 
# 2 2805 1 2315 
# 1 2321 2 2807 
# 1 2324 2 2808 
# 1 2325 2 2809 
# 1 2327 2 2810 
# 1 2329 2 2811 
# 1 2330 2 2812 
# 1 2331 2 2813 
# 1 2336 2 2814 
# 2 2816 1 2340 
# 2 2818 1 2342 
# 2 2819 1 2346 
# 2 2820 1 2347 
# 1 2353 2 2615 
# 1 2354 2 2616 
# 1 2355 2 2617 
# 1 2356 2 2618 
# 1 2357 2 2619 
# 1 2358 2 2621 
# 1 2359 2 2622 
# 2 2625 1 2360 
# 2 2626 1 2361 
# 2 2628 1 2363 
# 2 2629 1 2364 
# 2 2630 1 2365 
# 2 2631 1 2366 
# 1 2367 2 2632 
# 1 2368 2 2633 
# 1 2369 2 2634 
# 1 2370 2 2635 
# 1 2371 2 2638 
# 1 2372 2 2639 
# 2 2640 1 2373 
# 2 2641 1 2374 
# 2 2723 1 2375 
# 2 2725 1 2376 
# 2 2726 1 2378 
# 2 2728 1 2379 
# 2 2729 1 2380 
# 2 2730 1 2382 
# 1 2383 2 2733 
# 1 2384 2 2734 
# 1 2385 2 2735 
# 2 2736 1 2386 
# 2 2738 1 2387 
# 2 2740 1 2389 
# 2 2741 1 2393 
# 2 2742 1 2397 
# 2 2743 1 2398 
# 1 2400 2 2744 
# 1 2401 2 2745 
# 1 2402 2 2747 
# 1 2403 2 174 
# 2 176 1 2405 
# 2 179 1 2407 
# 2 180 1 2409 
# 2 181 1 2410 
# 2 182 1 2411 
# 2 183 1 2412 
# 2 184 1 2413 
# 1 2415 2 185 
# 1 2416 2 186 
# 1 2417 2 187 
# 1 2418 2 188 
# 1 2419 2 189 
# 1 2420 2 190 
# 1 2422 2 191 
# 2 193 1 2424 
# 2 194 1 2425 
# 2 195 1 2427 
# 2 196 1 2428 
# 2 197 1 2430 
# 1 2433 2 198 
# 1 2434 2 199 
# 2 2821 1 2436 
# 1 2438 2 2826 
# 1 2440 2 2830 
# 1 2441 2 2831 
# 2 2833 1 2442 
# 2 2836 1 2443 
# 2 2837 1 2444 
# 2 2839 1 2445 
# 2 2841 1 2446 
# 1 2447 2 2842 
# 1 2448 2 2844 
# 1 2449 2 2847 
# 2 2848 1 2451 
# 2 2849 1 2453 
# 2 2851 1 2455 
# 2 2852 1 2456 
# 2 2853 1 2457 
# 2 135 1 2461 
# 2 136 1 2462 
# 1 2474 2 140 
# 1 2475 2 141 
# 2 142 1 2477 
# 1 2479 2 143 
# 2 145 1 2484 
# 2 146 1 2486 
# 2 147 1 2488 
# 2 148 1 2492 
# 1 2496 2 149 
# 1 2497 2 150 
# 1 2500 2 151 
# 1 2501 2 152 
# 1 2502 2 153 
# 1 2504 2 155 
# 1 2505 2 156 
# 2 157 1 2508 
# 2 2253 1 2509 
# 1 2512 2 2255 
# 2 2256 1 2514 
# 2 2257 1 2515 
# 2 2258 1 2516 
# 2 2259 1 2517 
# 2 2260 1 2518 
# 2 2263 1 2519 
# 2 2265 1 2521 
# 2 2266 1 2522 
# 2 2267 1 2524 
# 2 2269 1 2525 
# 2 2270 1 2526 
# 1 2529 2 2271 
# 2 2272 1 2531 
# 2 2273 1 2532 
# 2 2274 1 2534 
# 2 2275 1 2535 
# 2 2276 1 2536 
# 2 2277 1 2537 
# 2 2278 1 2538 
# 2 2279 1 2539 
# 2 2282 1 2540 
# 2 2283 1 2541 
# 2 2284 1 2542 
# 1 2543 2 2286 
# 2 2289 1 2545 
# 2 2291 1 2547 
# 2 2292 1 2549 
# 2 2293 1 2550 
# 2 2294 1 2551 
# 2 2295 1 2552 
# 2 2296 1 2553 
# 2 2298 1 2554 
# 2 2299 1 2555 
# 2 1783 1 2557 
# 2 1784 1 2558 
# 1 2559 2 1785 
# 1 2560 2 1786 
# 1 2561 2 1788 
# 2 1792 1 2562 
# 2 1794 1 2563 
# 2 1796 1 2564 
# 2 1797 1 2565 
# 2 1800 1 2568 
# 2 1801 1 2569 
# 2 1803 1 2570 
# 2 1805 1 2572 
# 1 2573 2 1807 
# 1 2576 2 1812 
# 1 2577 2 1815 
# 1 2578 2 1817 
# 1 2579 2 1820 
# 1 2580 2 78 
# 2 80 1 2581 
# 2 81 1 2582 
# 2 87 1 2584 
# 2 88 1 2585 
# 2 90 1 2586 
# 2 92 1 2588 
# 2 94 1 2589 
# 2 95 1 2590 
# 1 2592 2 98 
# 1 2593 2 99 
# 1 2594 2 100 
# 1 2595 2 102 
# 1 2596 2 103 
# 1 2597 2 105 
# 1 2599 2 107 
# 1 2600 2 108 
# 2 112 1 2602 
# 2 113 1 2603 
# 2 116 1 2604 
# 2 117 1 2605 
# 2 118 1 2606 
# 1 2608 2 302 
# 1 2609 2 303 
# 2 304 1 2611 
# 2 305 1 2613 
# 2 306 1 2614 
# 2 307 1 2615 
# 2 309 1 2617 
# 2 310 1 2618 
# 2 311 1 2619 
# 2 312 1 2620 
# 2 314 1 2621 
# 2 316 1 2622 
# 1 2623 2 318 
# 1 2625 2 319 
# 2 320 1 2626 
# 2 324 1 2629 
# 2 325 1 2630 
# 2 326 1 2631 
# 2 327 1 2632 
# 1 2633 2 331 
# 2 903 1 2634 
# 2 905 1 2635 
# 2 906 1 2636 
# 2 907 1 2637 
# 2 908 1 2638 
# 2 912 1 2642 
# 2 916 1 2643 
# 2 917 1 2644 
# 2 918 1 2645 
# 2 919 1 2646 
# 1 2647 2 922 
# 1 2648 2 923 
# 1 2649 2 924 
# 1 2650 2 926 
# 1 2651 2 927 
# 2 928 1 2652 
# 2 929 1 2653 
# 1 2655 2 930 
# 1 2656 2 931 
# 1 2657 2 932 
# 1 2658 2 933 
# 1 2659 2 935 
# 1 2660 2 937 
# 1 2661 2 938 
# 1 2662 2 941 
# 1 2663 2 942 
# 1 2664 2 943 
# 2 944 1 2665 
# 2 945 1 2666 
# 2 948 1 2668 
# 2 949 1 2669 
# 2 950 1 2670 
# 1 2671 2 952 
# 1 2673 2 954 
# 1 2674 2 955 
# 1 2676 2 959 
# 2 960 1 2677 
# 2 961 1 2678 
# 2 965 1 2679 
# 2 968 1 2681 
# 2 971 1 2682 
# 2 972 1 2683 
# 2 973 1 2684 
# 2 2749 1 2685 
# 2 2750 1 2686 
# 1 2687 2 2751 
# 2 2752 1 2688 
# 2 2753 1 2689 
# 2 2754 1 2690 
# 2 2755 1 2692 
# 2 2756 1 2693 
# 2 2758 1 2694 
# 2 2759 1 2695 
# 2 2760 1 2696 
# 2 2761 1 2697 
# 2 2762 1 2698 
# 2 2763 1 2699 
# 2 2764 1 2700 
# 2 2767 1 2702 
# 1 2704 2 2642 
# 1 2705 2 2643 
# 2 2644 1 2709 
# 2 2645 1 2710 
# 2 2646 1 2713 
# 2 2647 1 2714 
# 2 2648 1 2717 
# 2 2649 1 2718 
# 1 2719 2 2650 
# 1 2722 2 2651 
# 1 2723 2 2653 
# 1 2724 2 2654 
# 1 2728 2 2655 
# 2 2656 1 2729 
# 2 2657 1 2730 
# 2 2658 1 2733 
# 2 2659 1 2734 
# 1 2735 2 2660 
# 1 2739 2 2661 
# 1 2740 2 2662 
# 2 2665 1 2748 
# 2 2666 1 2750 
# 1 2754 2 2669 
# 1 2757 2 2670 
# 1 2758 2 2671 
# 2 2672 1 2761 
# 2 2673 1 2763 
# 2 2674 1 2764 
# 2 2675 1 2765 
# 1 2769 2 2677 
# 2 1921 1 2773 
# 2 1922 1 2774 
# 2 1923 1 2775 
# 2 1924 1 2776 
# 2 1925 1 2778 
# 2 1926 1 2779 
# 2 1927 1 2780 
# 2 1928 1 2781 
# 2 1929 1 2782 
# 1 2783 2 1930 
# 1 2784 2 1932 
# 1 2785 2 1933 
# 1 2786 2 1934 
# 2 1937 1 2788 
# 2 1938 1 2789 
# 2 1939 1 2790 
# 2 1941 1 2791 
# 2 1942 1 2792 
# 2 1943 1 2793 
# 2 1944 1 2794 
# 2 1945 1 2795 
# 1 2799 2 122 
# 1 2800 2 123 
# 1 2801 2 124 
# 1 2805 2 125 
# 1 2806 2 126 
# 1 2808 2 127 
# 2 130 1 2813 
# 2 131 1 2814 
# 1 2816 2 132 
# 1 2819 2 133 
# 2 134 1 2821 
# 1 2822 2 1948 
# 1 2824 2 1949 
# 1 2825 2 1951 
# 2 1952 1 2826 
# 2 1953 1 2827 
# 2 1955 1 2828 
# 2 1958 1 2829 
# 2 1960 1 2830 
# 1 2831 2 1961 
# 1 2833 2 1964 
# 1 2834 2 1965 
# 1 2835 2 1966 
# 1 2836 2 1967 
# 2 1968 1 2838 
# 2 1969 1 2840 
# 2 1970 1 2841 
# 2 1972 1 2842 
# 2 1973 1 2843 
# 2 1976 1 2844 
# 2 1977 1 2845 
# 2 1978 1 2846 
# 1 2849 2 1980 
# 1 2850 2 1981 
# 1 2851 2 1983 
# 2 1984 1 2854 
# 2 1985 1 2855 
# 2 1986 1 2857 
# 2 1987 1 2858 
# 2 1988 1 2859 
# 2 3065 1 2861 
# 2 3068 1 2862 
# 2 3072 1 2864 
# 2 3073 1 2865 
# 1 2867 2 3084 
# 2 3088 1 2869 
# 2 3090 1 2870 
# 2 3093 1 2872 
# 2 3094 1 2873 
# 2 3096 1 2874 
# 2 3100 1 2877 
# 2 3104 1 2878 
# 1 2879 2 3105 
# 1 2881 2 3110 
# 1 2882 2 3111 
# 1 2883 2 3117 
# 1 2884 2 3118 
# 2 3124 1 2886 
# 2 3125 1 2887 
# 2 1569 1 2888 
# 2 1571 1 2889 
# 2 1572 1 2891 
# 2 1573 1 2894 
# 1 2895 2 1574 
# 1 2896 2 1575 
# 1 2898 2 1576 
# 1 2899 2 1577 
# 1 2900 2 1578 
# 1 2901 2 1579 
# 1 2902 2 1583 
# 2 1584 1 2903 
# 2 1585 1 2905 
# 2 1586 1 2906 
# 2 1588 1 2908 
# 2 1589 1 2909 
# 2 1590 1 2910 
# 1 2913 2 2485 
# 1 2915 2 2487 
# 1 2916 2 2489 
# 1 2920 2 2490 
# 1 2921 2 2492 
# 1 2922 2 2493 
# 1 2923 2 2494 
# 1 2924 2 2495 
# 2 2496 1 2925 
# 2 2497 1 2928 
# 2 2498 1 2929 
# 2 2499 1 2931 
# 2 2500 1 2932 
# 2 2501 1 2934 
# 2 2502 1 2936 
# 2 2503 1 2938 
# 2 2505 1 2941 
# 1 2944 2 2506 
# 1 2945 2 2966 
# 1 2948 2 2967 
# 1 2949 2 2968 
# 1 2951 2 2969 
# 1 2952 2 2970 
# 1 2953 2 2972 
# 1 2954 2 2973 
# 1 2955 2 2974 
# 2 2976 1 2958 
# 1 2959 2 2977 
# 2 2978 1 2961 
# 2 2979 1 2962 
# 2 2980 1 2964 
# 2 2981 1 2965 
# 2 2982 1 2967 
# 2 2984 1 2968 
# 2 2985 1 2970 
# 2 2987 1 2972 
# 2 2989 1 2974 
