> 1 synthdata_0
> 2 synthdata_1
# 1 1 2 829 
# 1 2 2 830 
# 1 3 2 831 
# 2 832 1 4 
# 2 835 1 7 
# 2 836 1 8 
# 2 837 1 9 
# 2 838 1 10 
# 2 839 1 12 
# 2 840 1 13 
# 2 841 1 14 
# 1 15 2 843 
# 1 18 2 844 
# 1 19 2 845 
# 1 20 2 846 
# 1 21 2 847 
# 2 848 1 22 
# 2 849 1 23 
# 2 850 1 24 
# 2 851 1 25 
# 2 852 1 26 
# 2 853 1 27 
# 2 855 1 28 
# 2 856 1 29 
# 2 857 1 30 
# 1 31 2 858 
# 1 33 2 859 
# 1 34 2 862 
# 1 36 2 863 
# 2 864 1 37 
# 2 865 1 38 
# 2 866 1 39 
# 2 867 1 41 
# 2 3010 1 44 
# 1 47 2 3011 
# 2 3014 1 54 
# 2 3015 1 57 
# 2 3016 1 59 
# 2 3017 1 60 
# 2 3018 1 62 
# 1 65 2 3019 
# 1 66 2 3020 
# 1 69 2 3022 
# 1 71 2 3023 
# 2 3024 1 72 
# 2 3025 1 74 
# 2 2761 1 75 
# 2 2762 1 76 
# 2 2763 1 77 
# 1 81 2 2766 
# 1 83 2 2767 
# 2 2768 1 84 
# 2 2770 1 86 
# 2 2771 1 87 
# 2 2772 1 88 
# 2 2773 1 89 
# 2 2774 1 90 
# 2 2775 1 91 
# 2 2776 1 92 
# 2 2777 1 93 
# 1 95 2 2778 
# 1 96 2 2779 
# 1 97 2 2781 
# 2 2784 1 98 
# 2 2785 1 101 
# 2 1344 1 103 
# 2 1345 1 104 
# 2 1346 1 106 
# 2 1347 1 107 
# 2 1348 1 108 
# 2 1349 1 109 
# 2 1350 1 110 
# 1 111 2 1351 
# 1 112 2 1352 
# 1 113 2 1354 
# 1 115 2 1355 
# 1 117 2 1356 
# 1 118 2 1357 
# 1 122 2 1359 
# 2 1360 1 125 
# 1 127 2 1361 
# 1 128 2 1254 
# 1 130 2 1255 
# 1 131 2 1256 
# 1 132 2 1257 
# 1 133 2 1258 
# 1 135 2 1259 
# 1 137 2 1260 
# 1 138 2 1261 
# 1 140 2 1262 
# 1 141 2 1263 
# 2 1265 1 142 
# 1 143 2 1266 
# 1 144 2 1267 
# 1 145 2 1268 
# 1 147 2 1269 
# 1 148 2 1270 
# 1 149 2 1271 
# 1 150 2 1272 
# 1 151 2 1273 
# 1 152 2 1274 
# 1 153 2 1275 
# 1 154 2 476 
# 1 155 2 477 
# 1 156 2 478 
# 1 157 2 479 
# 2 480 1 158 
# 1 159 2 481 
# 1 160 2 483 
# 1 161 2 484 
# 1 162 2 485 
# 1 163 2 486 
# 1 164 2 488 
# 1 165 2 490 
# 1 166 2 491 
# 1 167 2 492 
# 1 168 2 493 
# 1 169 2 494 
# 1 170 2 495 
# 2 497 1 171 
# 2 498 1 172 
# 2 501 1 173 
# 2 502 1 174 
# 1 175 2 503 
# 1 176 2 505 
# 1 177 2 506 
# 1 178 2 507 
# 1 179 2 508 
# 1 180 2 509 
# 1 181 2 510 
# 1 182 2 511 
# 2 513 1 183 
# 1 185 2 2411 
# 1 186 2 2413 
# 2 2416 1 187 
# 2 2420 1 188 
# 2 2423 1 189 
# 2 2424 1 190 
# 1 191 2 2425 
# 1 192 2 2426 
# 1 193 2 2429 
# 1 194 2 2430 
# 1 195 2 2431 
# 2 2434 1 196 
# 2 2436 1 197 
# 2 2439 1 198 
# 2 2440 1 199 
# 1 200 2 2444 
# 1 201 2 2445 
# 1 202 2 2446 
# 2 2448 1 205 
# 2 2452 1 206 
# 1 207 2 2456 
# 1 209 2 2212 
# 1 211 2 2213 
# 2 2214 1 213 
# 2 2215 1 216 
# 2 2216 1 217 
# 2 2217 1 219 
# 2 2219 1 222 
# 1 225 2 2220 
# 1 231 2 2221 
# 2 2224 1 232 
# 2 2225 1 235 
# 1 237 2 655 
# 2 656 1 238 
# 1 239 2 657 
# 1 240 2 658 
# 1 241 2 659 
# 1 242 2 660 
# 1 243 2 661 
# 1 244 2 663 
# 1 245 2 665 
# 1 246 2 666 
# 1 247 2 667 
# 1 248 2 668 
# 1 249 2 669 
# 1 250 2 670 
# 2 671 1 254 
# 1 257 2 675 
# 2 2738 1 259 
# 2 2740 1 261 
# 2 2741 1 262 
# 2 2742 1 263 
# 2 2743 1 264 
# 2 2744 1 265 
# 2 2745 1 266 
# 2 2746 1 267 
# 2 2747 1 268 
# 2 2748 1 269 
# 1 271 2 2749 
# 1 272 2 2750 
# 1 273 2 2751 
# 2 2754 1 275 
# 2 2755 1 276 
# 2 2757 1 277 
# 2 2758 1 278 
# 2 2759 1 280 
# 2 1927 1 281 
# 2 1929 1 283 
# 2 1930 1 284 
# 2 1932 1 285 
# 1 287 2 1935 
# 2 1936 1 288 
# 2 1937 1 289 
# 2 1938 1 290 
# 1 292 2 1943 
# 1 294 2 1945 
# 1 295 2 1946 
# 1 296 2 1948 
# 1 297 2 1949 
# 1 298 2 1951 
# 2 1952 1 299 
# 2 1953 1 300 
# 2 1955 1 301 
# 1 303 2 1956 
# 1 305 2 1958 
# 1 306 2 1959 
# 1 307 2 1960 
# 1 308 2 1961 
# 1 309 2 1962 
# 1 310 2 1964 
# 1 313 2 1965 
# 1 314 2 1966 
# 1 315 2 1967 
# 2 1968 1 316 
# 2 1970 1 317 
# 2 1971 1 318 
# 1 319 2 1972 
# 1 321 2 1526 
# 1 322 2 1527 
# 1 324 2 1528 
# 1 325 2 1529 
# 1 326 2 1530 
# 1 328 2 1531 
# 1 329 2 1532 
# 1 331 2 1533 
# 2 1534 1 333 
# 2 1537 1 334 
# 2 1538 1 337 
# 2 1539 1 338 
# 2 1541 1 341 
# 2 1542 1 343 
# 2 1543 1 344 
# 2 1544 1 346 
# 2 1546 1 350 
# 1 351 2 1547 
# 1 352 2 1548 
# 1 353 2 1549 
# 1 357 2 1551 
# 2 1552 1 358 
# 2 1553 1 359 
# 2 1556 1 360 
# 2 2023 1 364 
# 1 367 2 2024 
# 1 369 2 2025 
# 1 370 2 2026 
# 1 372 2 2027 
# 1 376 2 2028 
# 1 379 2 2029 
# 2 2030 1 382 
# 1 388 2 2031 
# 2 2033 1 391 
# 2 2035 1 393 
# 2 2037 1 395 
# 2 235 1 398 
# 1 399 2 236 
# 1 400 2 237 
# 1 401 2 238 
# 1 402 2 239 
# 2 240 1 403 
# 2 241 1 404 
# 2 242 1 405 
# 2 243 1 406 
# 2 244 1 407 
# 2 246 1 408 
# 2 247 1 411 
# 2 248 1 413 
# 2 249 1 414 
# 1 415 2 250 
# 1 416 2 252 
# 1 417 2 255 
# 2 256 1 418 
# 2 258 1 419 
# 2 419 1 421 
# 2 420 1 422 
# 2 421 1 423 
# 2 422 1 424 
# 2 423 1 425 
# 2 424 1 427 
# 2 425 1 428 
# 2 426 1 430 
# 1 431 2 427 
# 1 432 2 428 
# 1 433 2 429 
# 1 434 2 430 
# 1 436 2 431 
# 2 432 1 437 
# 2 434 1 438 
# 2 436 1 441 
# 2 437 1 442 
# 2 438 1 443 
# 2 439 1 444 
# 2 1558 1 445 
# 1 447 2 1559 
# 1 449 2 1560 
# 1 450 2 1562 
# 1 451 2 1563 
# 1 452 2 1564 
# 1 455 2 1565 
# 1 457 2 1566 
# 1 458 2 1567 
# 2 1568 1 459 
# 2 1569 1 460 
# 2 1570 1 461 
# 2 1571 1 462 
# 1 464 2 1572 
# 1 465 2 1573 
# 1 467 2 1574 
# 1 468 2 1575 
# 1 469 2 175 
# 2 180 1 470 
# 2 182 1 471 
# 2 184 1 473 
# 2 186 1 474 
# 1 475 2 189 
# 1 476 2 191 
# 2 194 1 477 
# 2 196 1 478 
# 1 480 2 202 
# 1 482 2 207 
# 2 208 1 483 
# 1 484 2 3055 
# 2 3056 1 486 
# 2 3058 1 488 
# 2 3059 1 489 
# 2 3060 1 491 
# 2 3061 1 492 
# 2 3062 1 494 
# 1 495 2 3063 
# 1 497 2 3064 
# 1 498 2 3066 
# 1 500 2 3067 
# 1 501 2 3068 
# 1 503 2 3069 
# 1 505 2 3071 
# 2 3072 1 506 
# 2 3073 1 508 
# 2 3075 1 510 
# 1 511 2 3076 
# 1 514 2 3077 
# 2 3078 1 518 
# 2 3079 1 519 
# 2 3080 1 521 
# 2 3081 1 522 
# 2 84 1 524 
# 2 87 1 526 
# 1 528 2 93 
# 2 96 1 529 
# 1 530 2 103 
# 1 532 2 111 
# 2 114 1 533 
# 2 2787 1 534 
# 2 2788 1 535 
# 2 2790 1 536 
# 2 2791 1 538 
# 2 2792 1 539 
# 2 2793 1 540 
# 2 2794 1 541 
# 2 2795 1 542 
# 1 543 2 2796 
# 1 544 2 2797 
# 1 545 2 2798 
# 1 546 2 2799 
# 2 2800 1 547 
# 2 2801 1 549 
# 2 2802 1 551 
# 2 2803 1 552 
# 2 2804 1 553 
# 2 2805 1 555 
# 2 2806 1 558 
# 1 560 2 2807 
# 1 562 2 2808 
# 1 564 2 2809 
# 1 566 2 984 
# 1 567 2 985 
# 1 568 2 986 
# 1 569 2 987 
# 1 570 2 988 
# 1 571 2 989 
# 1 572 2 991 
# 2 992 1 573 
# 2 993 1 574 
# 1 575 2 994 
# 1 576 2 995 
# 1 577 2 996 
# 1 578 2 997 
# 1 579 2 998 
# 1 580 2 999 
# 1 581 2 1003 
# 1 582 2 1004 
# 1 584 2 1005 
# 1 585 2 1006 
# 1 586 2 1007 
# 2 1008 1 588 
# 2 3026 1 590 
# 1 592 2 3027 
# 1 594 2 3028 
# 1 595 2 3030 
# 1 596 2 3031 
# 1 597 2 3032 
# 1 599 2 3033 
# 2 3034 1 601 
# 2 3035 1 604 
# 2 3036 1 605 
# 2 3037 1 606 
# 1 608 2 3039 
# 2 3041 1 610 
# 2 3043 1 613 
# 2 3044 1 615 
# 1 616 2 716 
# 1 617 2 717 
# 2 720 1 618 
# 2 721 1 619 
# 2 722 1 620 
# 2 725 1 621 
# 2 730 1 622 
# 1 623 2 732 
# 2 738 1 625 
# 1 626 2 741 
# 1 627 2 743 
# 1 628 2 745 
# 1 630 2 748 
# 1 631 2 750 
# 2 753 1 632 
# 2 1010 1 633 
# 2 1011 1 634 
# 2 1014 1 635 
# 2 1015 1 638 
# 1 639 2 1017 
# 1 640 2 1018 
# 1 641 2 1019 
# 1 642 2 1021 
# 1 643 2 1022 
# 1 645 2 1023 
# 2 1024 1 647 
# 2 1026 1 648 
# 2 1029 1 649 
# 2 1030 1 650 
# 2 1032 1 651 
# 2 2842 1 652 
# 2 2845 1 653 
# 2 2848 1 654 
# 1 655 2 2850 
# 1 656 2 2853 
# 1 657 2 2856 
# 1 659 2 2861 
# 2 2865 1 661 
# 2 2868 1 663 
# 2 2871 1 664 
# 2 2872 1 665 
# 2 2874 1 666 
# 2 2876 1 667 
# 2 1859 1 669 
# 2 1861 1 670 
# 1 671 2 1866 
# 1 672 2 1869 
# 1 673 2 1870 
# 2 1874 1 674 
# 2 1875 1 675 
# 1 676 2 1878 
# 1 677 2 1879 
# 1 678 2 1881 
# 1 679 2 1882 
# 1 680 2 1883 
# 1 681 2 1884 
# 1 682 2 1886 
# 2 1891 1 684 
# 2 1894 1 685 
# 2 1895 1 686 
# 1 688 2 1896 
# 1 690 2 1903 
# 1 691 2 2703 
# 2 2704 1 692 
# 2 2705 1 693 
# 2 2706 1 694 
# 2 2708 1 695 
# 2 2709 1 697 
# 2 2710 1 698 
# 2 2712 1 699 
# 2 2713 1 700 
# 2 2714 1 701 
# 2 2715 1 702 
# 1 703 2 2716 
# 1 704 2 2717 
# 2 2723 1 707 
# 2 2724 1 708 
# 2 2725 1 709 
# 2 2726 1 710 
# 2 2727 1 711 
# 2 2729 1 712 
# 2 2730 1 713 
# 1 714 2 2732 
# 2 2733 1 716 
# 2 868 1 717 
# 2 869 1 718 
# 1 721 2 870 
# 1 723 2 873 
# 1 724 2 874 
# 1 726 2 875 
# 1 730 2 877 
# 1 732 2 879 
# 2 880 1 733 
# 1 736 2 213 
# 1 737 2 214 
# 1 738 2 215 
# 1 739 2 216 
# 1 740 2 217 
# 1 741 2 218 
# 1 743 2 220 
# 1 744 2 221 
# 1 745 2 222 
# 1 747 2 223 
# 2 224 1 748 
# 2 226 1 749 
# 2 227 1 750 
# 1 751 2 228 
# 1 752 2 229 
# 1 753 2 231 
# 1 754 2 232 
# 1 756 2 233 
# 2 2038 1 760 
# 2 2039 1 766 
# 1 769 2 2040 
# 1 772 2 2041 
# 1 774 2 2042 
# 2 2044 1 781 
# 1 783 2 2045 
# 1 788 2 2046 
# 1 791 2 2047 
# 2 440 1 794 
# 2 442 1 795 
# 2 445 1 796 
# 2 451 1 797 
# 1 799 2 455 
# 1 800 2 457 
# 2 464 1 801 
# 2 467 1 802 
# 1 803 2 469 
# 1 804 2 472 
# 1 805 2 2457 
# 1 806 2 2461 
# 2 2464 1 807 
# 2 2466 1 808 
# 2 2468 1 809 
# 2 2472 1 810 
# 2 2474 1 812 
# 2 2479 1 814 
# 1 815 2 2481 
# 1 816 2 2482 
# 1 818 2 2488 
# 1 819 2 2490 
# 1 820 2 2492 
# 2 2500 1 823 
# 2 2503 1 824 
# 1 825 2 2507 
# 1 826 2 2510 
# 1 827 2 2511 
# 2 2921 1 830 
# 1 832 2 2922 
# 1 833 2 2923 
# 1 834 2 2924 
# 1 835 2 2925 
# 1 837 2 2926 
# 1 839 2 2927 
# 2 2928 1 840 
# 2 2929 1 842 
# 2 2930 1 843 
# 2 2931 1 844 
# 2 2932 1 845 
# 1 847 2 2933 
# 1 848 2 2934 
# 1 849 2 2936 
# 1 850 2 2937 
# 1 851 2 2939 
# 1 852 2 2940 
# 1 853 2 2988 
# 1 856 2 2989 
# 1 859 2 2990 
# 2 2992 1 861 
# 2 2993 1 862 
# 1 863 2 2994 
# 2 2995 1 866 
# 2 2996 1 869 
# 2 2997 1 870 
# 2 2998 1 872 
# 2 2999 1 877 
# 2 3000 1 878 
# 1 882 2 3001 
# 1 886 2 3002 
# 1 890 2 3004 
# 1 891 2 3005 
# 2 3006 1 894 
# 1 899 2 3007 
# 2 3008 1 906 
# 2 3009 1 907 
# 1 911 2 922 
# 1 912 2 924 
# 1 913 2 925 
# 2 928 1 916 
# 2 932 1 917 
# 2 933 1 918 
# 2 934 1 919 
# 2 936 1 921 
# 2 938 1 922 
# 2 940 1 924 
# 2 942 1 926 
# 2 944 1 927 
# 2 945 1 928 
# 1 929 2 951 
# 1 930 2 953 
# 1 931 2 955 
# 1 932 2 957 
# 2 960 1 933 
# 2 1427 1 934 
# 2 1428 1 937 
# 2 1429 1 942 
# 1 943 2 1430 
# 1 946 2 1432 
# 1 950 2 1433 
# 1 951 2 1434 
# 1 953 2 1436 
# 2 1437 1 957 
# 2 1440 1 960 
# 2 1443 1 964 
# 2 1445 1 966 
# 2 1446 1 971 
# 2 1447 1 972 
# 1 978 2 1448 
# 2 1449 1 985 
# 2 1450 1 986 
# 1 991 2 1451 
# 1 992 2 754 
# 1 993 2 755 
# 1 995 2 758 
# 1 996 2 759 
# 1 997 2 761 
# 1 998 2 764 
# 1 999 2 766 
# 2 768 1 1000 
# 2 770 1 1001 
# 2 780 1 1005 
# 2 784 1 1006 
# 1 1010 2 788 
# 1 1011 2 790 
# 1 1012 2 795 
# 1 1013 2 797 
# 2 800 1 1014 
# 2 806 1 1016 
# 2 807 1 1017 
# 2 811 1 1018 
# 2 816 1 1020 
# 2 818 1 1021 
# 2 823 1 1022 
# 1 1025 2 828 
# 1 1026 2 117 
# 1 1028 2 120 
# 1 1029 2 125 
# 2 129 1 1030 
# 2 130 1 1031 
# 2 134 1 1033 
# 2 137 1 1034 
# 2 138 1 1035 
# 2 141 1 1036 
# 2 144 1 1038 
# 1 1039 2 146 
# 1 1040 2 150 
# 1 1041 2 153 
# 1 1042 2 155 
# 1 1043 2 158 
# 2 161 1 1045 
# 2 164 1 1046 
# 2 166 1 1048 
# 2 167 1 1049 
# 2 170 1 1050 
# 2 172 1 1051 
# 2 2523 1 1053 
# 2 2527 1 1054 
# 2 2528 1 1055 
# 2 2529 1 1056 
# 1 1057 2 2535 
# 1 1058 2 2539 
# 1 1059 2 2542 
# 2 2544 1 1061 
# 2 2545 1 1062 
# 2 2546 1 1063 
# 2 2549 1 1064 
# 2 2550 1 1065 
# 2 2551 1 1066 
# 1 1067 2 2878 
# 1 1068 2 2879 
# 2 2881 1 1069 
# 2 2882 1 1070 
# 1 1071 2 2883 
# 1 1072 2 2884 
# 1 1073 2 2885 
# 1 1074 2 2886 
# 1 1078 2 2889 
# 2 2890 1 1081 
# 2 2891 1 1082 
# 1 1084 2 2894 
# 1 1085 2 2895 
# 1 1087 2 2897 
# 2 1619 1 1090 
# 2 1620 1 1091 
# 1 1092 2 1622 
# 1 1093 2 1623 
# 1 1094 2 1624 
# 1 1095 2 1625 
# 1 1096 2 1627 
# 1 1098 2 1628 
# 1 1099 2 1629 
# 1 1100 2 1630 
# 1 1101 2 1631 
# 2 1633 1 1102 
# 1 1103 2 1634 
# 1 1104 2 1637 
# 1 1105 2 1639 
# 1 1107 2 1641 
# 1 1108 2 1642 
# 1 1109 2 1644 
# 1 1111 2 1277 
# 1 1112 2 1278 
# 1 1113 2 1279 
# 2 1280 1 1114 
# 2 1282 1 1115 
# 2 1284 1 1118 
# 1 1121 2 1285 
# 1 1122 2 1286 
# 1 1123 2 1287 
# 1 1124 2 1288 
# 1 1126 2 1289 
# 1 1128 2 1290 
# 1 1129 2 1291 
# 1 1130 2 1292 
# 1 1132 2 1294 
# 2 1295 1 1134 
# 1 1135 2 2577 
# 1 1136 2 2578 
# 2 2579 1 1138 
# 1 1139 2 2581 
# 1 1140 2 2582 
# 1 1141 2 2583 
# 1 1142 2 2584 
# 1 1143 2 2586 
# 1 1144 2 2587 
# 1 1145 2 2590 
# 2 2592 1 1146 
# 2 2593 1 1147 
# 2 2595 1 1148 
# 2 2596 1 1149 
# 2 2598 1 1150 
# 1 1152 2 2600 
# 1 1153 2 2601 
# 1 1154 2 2603 
# 1 1155 2 2604 
# 1 1156 2 2606 
# 1 1157 2 2607 
# 2 2608 1 1158 
# 2 1381 1 1160 
# 2 1382 1 1161 
# 2 1383 1 1163 
# 2 1384 1 1164 
# 2 1385 1 1165 
# 2 1386 1 1166 
# 1 1167 2 1387 
# 1 1169 2 1388 
# 1 1172 2 1389 
# 2 1392 1 1175 
# 2 1393 1 1176 
# 2 1395 1 1178 
# 2 1396 1 1179 
# 2 1397 1 1180 
# 2 1398 1 1181 
# 2 1399 1 1182 
# 1 1183 2 1402 
# 1 1184 2 1403 
# 1 1187 2 1404 
# 1 1189 2 1405 
# 1 1190 2 1406 
# 1 1192 2 1407 
# 2 1408 1 1193 
# 2 1409 1 1194 
# 2 1410 1 1195 
# 2 1411 1 1197 
# 2 1412 1 1198 
# 1 1199 2 1413 
# 1 1200 2 1414 
# 1 1201 2 1415 
# 1 1204 2 1417 
# 1 1205 2 1418 
# 1 1206 2 1419 
# 1 1207 2 1420 
# 1 1208 2 1421 
# 1 1209 2 1422 
# 1 1211 2 1423 
# 2 1424 1 1212 
# 2 1425 1 1213 
# 1 1215 2 1426 
# 1 1216 2 2386 
# 1 1217 2 2387 
# 1 1218 2 2388 
# 1 1219 2 2389 
# 1 1221 2 2392 
# 1 1222 2 2393 
# 1 1223 2 2394 
# 1 1224 2 2395 
# 1 1227 2 2397 
# 1 1228 2 2398 
# 2 2400 1 1230 
# 1 1231 2 2401 
# 1 1232 2 2402 
# 1 1233 2 2403 
# 1 1234 2 2404 
# 1 1235 2 2405 
# 1 1236 2 2406 
# 1 1237 2 2407 
# 1 1238 2 2408 
# 1 1239 2 2409 
# 1 1240 2 2410 
# 2 1976 1 1241 
# 2 1977 1 1242 
# 2 1979 1 1243 
# 2 1980 1 1244 
# 2 1981 1 1245 
# 1 1247 2 1983 
# 2 1984 1 1248 
# 2 1987 1 1250 
# 1 1251 2 1989 
# 1 1252 2 1990 
# 1 1253 2 1991 
# 1 1254 2 1992 
# 1 1255 2 1993 
# 1 1256 2 1994 
# 1 1257 2 1995 
# 2 1996 1 1259 
# 2 1725 1 1260 
# 2 1726 1 1261 
# 2 1727 1 1262 
# 2 1728 1 1263 
# 2 1729 1 1264 
# 1 1265 2 1731 
# 1 1266 2 1734 
# 1 1267 2 1735 
# 1 1270 2 1738 
# 1 1271 2 1740 
# 1 1272 2 1741 
# 1 1273 2 1742 
# 2 1744 1 1274 
# 2 1745 1 1275 
# 2 1750 1 1276 
# 2 1752 1 1277 
# 2 1754 1 1278 
# 1 1279 2 632 
# 1 1280 2 633 
# 1 1282 2 634 
# 1 1283 2 635 
# 1 1287 2 637 
# 1 1289 2 639 
# 2 640 1 1291 
# 2 641 1 1292 
# 2 642 1 1293 
# 2 643 1 1294 
# 1 1295 2 644 
# 1 1297 2 646 
# 1 1300 2 648 
# 1 1302 2 649 
# 1 1303 2 650 
# 2 651 1 1306 
# 2 652 1 1307 
# 1 1311 2 653 
# 1 1315 2 654 
# 1 1316 2 1132 
# 1 1318 2 1133 
# 1 1319 2 1134 
# 1 1321 2 1135 
# 2 1137 1 1322 
# 2 1138 1 1326 
# 1 1327 2 1139 
# 1 1329 2 1140 
# 1 1330 2 1141 
# 1 1331 2 1142 
# 1 1332 2 1143 
# 1 1334 2 1144 
# 1 1335 2 1145 
# 2 1146 1 1337 
# 2 1147 1 1339 
# 2 1149 1 1341 
# 2 1150 1 1342 
# 2 1152 1 1345 
# 2 1153 1 1350 
# 2 1154 1 1351 
# 2 1155 1 1353 
# 2 1904 1 1354 
# 2 1905 1 1356 
# 2 1906 1 1357 
# 2 1907 1 1358 
# 1 1359 2 1908 
# 1 1360 2 1911 
# 1 1361 2 1912 
# 1 1362 2 1913 
# 1 1363 2 1914 
# 1 1364 2 1915 
# 1 1365 2 1916 
# 1 1366 2 1917 
# 1 1367 2 1918 
# 1 1368 2 1919 
# 2 1920 1 1369 
# 2 1921 1 1370 
# 2 1922 1 1371 
# 2 1923 1 1373 
# 2 1925 1 1374 
# 1 1375 2 1926 
# 1 1376 2 2226 
# 1 1377 2 2231 
# 1 1378 2 2233 
# 1 1379 2 2234 
# 2 2240 1 1380 
# 2 2243 1 1381 
# 1 1382 2 2249 
# 1 1383 2 2252 
# 1 1384 2 2254 
# 1 1385 2 2255 
# 2 2258 1 1386 
# 2 2260 1 1388 
# 2 2261 1 1389 
# 1 1391 2 2263 
# 1 1392 2 2265 
# 2 1364 1 1397 
# 2 1366 1 1399 
# 2 1367 1 1400 
# 2 1368 1 1402 
# 1 1409 2 1373 
# 2 1377 1 1410 
# 2 1379 1 1415 
# 2 962 1 1420 
# 2 964 1 1421 
# 1 1424 2 966 
# 1 1425 2 968 
# 1 1427 2 970 
# 1 1428 2 972 
# 1 1429 2 974 
# 1 1431 2 975 
# 2 976 1 1432 
# 2 977 1 1433 
# 2 978 1 1434 
# 2 980 1 1436 
# 1 1440 2 596 
# 1 1441 2 597 
# 1 1442 2 598 
# 1 1444 2 600 
# 1 1445 2 602 
# 1 1446 2 604 
# 1 1447 2 605 
# 2 608 1 1449 
# 2 609 1 1450 
# 2 610 1 1451 
# 2 611 1 1452 
# 2 612 1 1453 
# 2 615 1 1454 
# 1 1455 2 616 
# 1 1456 2 626 
# 1 1457 2 628 
# 2 2898 1 1458 
# 2 2899 1 1460 
# 2 2902 1 1463 
# 2 2903 1 1465 
# 2 2904 1 1466 
# 2 2905 1 1467 
# 2 2906 1 1468 
# 2 2907 1 1469 
# 1 1471 2 2908 
# 1 1474 2 2910 
# 1 1477 2 2911 
# 2 2912 1 1479 
# 2 2913 1 1481 
# 2 2914 1 1482 
# 2 2915 1 1483 
# 2 2916 1 1486 
# 1 1487 2 2918 
# 1 1489 2 2919 
# 1 1491 2 1756 
# 1 1492 2 1757 
# 1 1493 2 1758 
# 1 1494 2 1759 
# 2 1760 1 1495 
# 2 1761 1 1496 
# 2 1762 1 1497 
# 2 1763 1 1498 
# 2 1764 1 1499 
# 2 1765 1 1500 
# 2 1766 1 1501 
# 2 1767 1 1502 
# 1 1503 2 1769 
# 1 1504 2 1771 
# 2 515 1 1506 
# 2 516 1 1509 
# 2 518 1 1513 
# 2 519 1 1515 
# 1 1519 2 520 
# 1 1524 2 521 
# 1 1525 2 522 
# 1 1526 2 523 
# 1 1528 2 525 
# 1 1533 2 527 
# 2 528 1 1537 
# 2 530 1 1545 
# 2 531 1 1549 
# 2 2609 1 1550 
# 1 1551 2 2610 
# 1 1552 2 2611 
# 1 1553 2 2612 
# 1 1554 2 2613 
# 1 1556 2 2614 
# 1 1557 2 2615 
# 1 1558 2 2616 
# 1 1559 2 2617 
# 1 1560 2 2618 
# 1 1561 2 2619 
# 2 2620 1 1563 
# 2 2621 1 1564 
# 1 1565 2 2623 
# 2 2624 1 1566 
# 1 1568 2 2627 
# 2 2628 1 1571 
# 2 2629 1 1572 
# 2 2631 1 1574 
# 2 2632 1 1576 
# 2 1576 1 1577 
# 2 1577 1 1580 
# 2 1578 1 1581 
# 1 1583 2 1579 
# 1 1587 2 1581 
# 1 1588 2 1583 
# 2 1584 1 1591 
# 2 1585 1 1592 
# 2 1586 1 1593 
# 2 1587 1 1595 
# 2 1588 1 1596 
# 1 1599 2 1589 
# 1 1600 2 1590 
# 1 1601 2 1591 
# 1 1604 2 1593 
# 1 1605 2 1594 
# 1 1607 2 1595 
# 1 1609 2 1596 
# 1 1611 2 1597 
# 1 1612 2 1598 
# 2 1600 1 1614 
# 2 1601 1 1616 
# 2 1602 1 1617 
# 2 1603 1 1618 
# 2 1604 1 1621 
# 2 1605 1 1622 
# 2 1606 1 1623 
# 2 1607 1 1626 
# 2 1608 1 1627 
# 1 1634 2 1609 
# 1 1635 2 1610 
# 1 1636 2 1611 
# 1 1638 2 1612 
# 1 1640 2 1613 
# 1 1642 2 1614 
# 2 1617 1 1646 
# 1 1650 2 350 
# 2 355 1 1652 
# 2 356 1 1653 
# 2 358 1 1654 
# 2 359 1 1655 
# 1 1656 2 363 
# 1 1658 2 365 
# 1 1659 2 367 
# 2 369 1 1661 
# 1 1663 2 374 
# 1 1664 2 375 
# 1 1665 2 377 
# 1 1666 2 378 
# 2 385 1 1669 
# 2 386 1 1670 
# 2 390 1 1672 
# 2 394 1 1673 
# 2 1033 1 1674 
# 2 1034 1 1675 
# 2 1038 1 1677 
# 2 1039 1 1678 
# 1 1679 2 1041 
# 1 1680 2 1044 
# 1 1681 2 1045 
# 1 1682 2 1046 
# 1 1683 2 1049 
# 1 1684 2 1050 
# 1 1686 2 1052 
# 1 1688 2 1055 
# 2 1059 1 1689 
# 2 1060 1 1691 
# 2 1061 1 1692 
# 2 1062 1 1693 
# 1 1695 2 1065 
# 1 1696 2 1066 
# 1 1697 2 1067 
# 1 1698 2 1069 
# 1 1699 2 1070 
# 2 1072 1 1700 
# 2 1074 1 1703 
# 2 1075 1 1704 
# 2 1079 1 1705 
# 2 1083 1 1706 
# 2 1084 1 1707 
# 2 1088 1 1708 
# 1 1711 2 1089 
# 1 1712 2 1090 
# 1 1713 2 1092 
# 1 1715 2 1093 
# 1 1716 2 1095 
# 1 1717 2 1096 
# 1 1718 2 1099 
# 1 1719 2 1101 
# 2 1104 1 1720 
# 2 1106 1 1722 
# 2 1107 1 1723 
# 2 1109 1 1724 
# 1 1727 2 1112 
# 1 1729 2 1116 
# 1 1730 2 1117 
# 1 1731 2 1118 
# 2 1120 1 1734 
# 2 1123 1 1735 
# 2 1124 1 1736 
# 2 1125 1 1737 
# 2 1126 1 1738 
# 2 1127 1 1739 
# 2 1128 1 1740 
# 2 1129 1 1741 
# 1 1743 2 1131 
# 1 1744 2 2553 
# 1 1745 2 2554 
# 1 1746 2 2555 
# 1 1747 2 2556 
# 1 1749 2 2557 
# 1 1750 2 2558 
# 1 1751 2 2559 
# 2 2560 1 1752 
# 2 2561 1 1754 
# 2 2562 1 1755 
# 2 2563 1 1756 
# 2 2564 1 1757 
# 2 2567 1 1758 
# 1 1761 2 2569 
# 1 1762 2 2571 
# 1 1763 2 2572 
# 1 1764 2 2573 
# 1 1765 2 2574 
# 1 1766 2 2575 
# 2 1156 1 1767 
# 2 1157 1 1768 
# 2 1160 1 1769 
# 2 1161 1 1770 
# 1 1771 2 1165 
# 2 1170 1 1773 
# 1 1775 2 1172 
# 1 1776 2 1176 
# 1 1777 2 1177 
# 1 1778 2 1179 
# 1 1779 2 1182 
# 2 1184 1 1780 
# 2 1185 1 1781 
# 2 1186 1 1782 
# 2 1188 1 1783 
# 2 1192 1 1785 
# 1 1786 2 1197 
# 2 1201 1 1787 
# 2 1202 1 1788 
# 2 1204 1 1789 
# 2 1214 1 1790 
# 1 1791 2 1234 
# 1 1792 2 1834 
# 1 1794 2 1835 
# 1 1796 2 1836 
# 1 1798 2 1837 
# 1 1799 2 1838 
# 2 1841 1 1802 
# 2 1843 1 1803 
# 2 1844 1 1804 
# 2 1847 1 1805 
# 2 1848 1 1806 
# 1 1807 2 1849 
# 1 1808 2 1850 
# 1 1810 2 1851 
# 1 1812 2 1852 
# 1 1813 2 1853 
# 1 1814 2 1854 
# 1 1815 2 1855 
# 2 1857 1 1816 
# 2 1858 1 1817 
# 2 676 1 1818 
# 2 678 1 1819 
# 2 679 1 1820 
# 2 681 1 1821 
# 2 682 1 1822 
# 1 1823 2 684 
# 1 1824 2 685 
# 2 688 1 1825 
# 2 689 1 1826 
# 2 691 1 1827 
# 2 693 1 1829 
# 2 694 1 1830 
# 2 696 1 1832 
# 2 698 1 1833 
# 2 699 1 1834 
# 1 1835 2 701 
# 2 704 1 1836 
# 2 705 1 1837 
# 2 708 1 1838 
# 1 1839 2 709 
# 1 1840 2 710 
# 1 1841 2 711 
# 1 1843 2 713 
# 1 1844 2 714 
# 1 1845 2 715 
# 1 1846 2 2056 
# 1 1847 2 2057 
# 2 2064 1 1848 
# 2 2065 1 1849 
# 2 2067 1 1850 
# 2 2072 1 1852 
# 2 2075 1 1853 
# 2 2078 1 1854 
# 1 1855 2 2079 
# 2 2080 1 1856 
# 1 1857 2 2087 
# 1 1858 2 2088 
# 1 1859 2 2090 
# 1 1860 2 2094 
# 1 1861 2 2095 
# 2 2096 1 1862 
# 2 2098 1 1863 
# 2 2103 1 1864 
# 2 2104 1 1865 
# 2 2106 1 1866 
# 1 1867 2 2111 
# 2 2112 1 1868 
# 2 2114 1 1869 
# 2 2119 1 1870 
# 1 1871 2 2120 
# 1 1873 2 2122 
# 2 2129 1 1876 
# 2 2133 1 1877 
# 2 2134 1 1878 
# 1 1879 2 2140 
# 1 1880 2 2142 
# 1 1881 2 2143 
# 2 2144 1 1882 
# 2 2147 1 1884 
# 2 2150 1 1885 
# 2 2151 1 1886 
# 1 1888 2 2158 
# 1 1890 2 1706 
# 1 1891 2 1707 
# 1 1892 2 1708 
# 1 1893 2 1709 
# 1 1894 2 1711 
# 2 1712 1 1895 
# 2 1713 1 1896 
# 2 1714 1 1897 
# 2 1715 1 1898 
# 2 1716 1 1900 
# 2 1718 1 1902 
# 1 1903 2 1719 
# 1 1904 2 1721 
# 1 1905 2 1722 
# 1 1907 2 395 
# 1 1909 2 396 
# 1 1910 2 397 
# 1 1911 2 398 
# 2 400 1 1912 
# 2 402 1 1913 
# 2 403 1 1914 
# 2 404 1 1915 
# 2 405 1 1916 
# 2 407 1 1917 
# 1 1919 2 409 
# 1 1921 2 410 
# 1 1922 2 411 
# 1 1923 2 412 
# 1 1924 2 413 
# 1 1925 2 414 
# 1 1926 2 415 
# 2 416 1 1927 
# 2 418 1 1928 
# 2 2296 1 1932 
# 2 2298 1 1933 
# 1 1935 2 2303 
# 1 1936 2 2308 
# 1 1937 2 2310 
# 1 1938 2 2314 
# 1 1939 2 2316 
# 2 2321 1 1940 
# 2 2326 1 1941 
# 1 1942 2 2328 
# 1 1944 2 2331 
# 1 1945 2 2335 
# 2 2337 1 1946 
# 2 2343 1 1947 
# 2 2349 1 1948 
# 2 2350 1 1949 
# 2 2354 1 1950 
# 1 1953 2 2360 
# 1 1954 2 2363 
# 1 1955 2 2364 
# 2 1296 1 1956 
# 2 1298 1 1957 
# 2 1299 1 1958 
# 2 1302 1 1959 
# 2 1304 1 1961 
# 2 1306 1 1962 
# 2 1308 1 1963 
# 2 1312 1 1964 
# 1 1967 2 1318 
# 1 1969 2 1321 
# 1 1970 2 1323 
# 1 1971 2 1324 
# 1 1972 2 1327 
# 2 1331 1 1974 
# 2 1334 1 1976 
# 2 1335 1 1977 
# 2 1336 1 1978 
# 2 1338 1 1979 
# 2 1339 1 1980 
# 2 1340 1 1981 
# 2 1341 1 1982 
# 1 1983 2 1343 
# 2 545 1 1984 
# 1 1985 2 548 
# 1 1986 2 549 
# 1 1987 2 551 
# 1 1988 2 552 
# 1 1989 2 553 
# 1 1990 2 554 
# 1 1992 2 557 
# 1 1993 2 558 
# 2 560 1 1994 
# 2 561 1 1995 
# 2 563 1 1997 
# 2 564 1 1998 
# 1 1999 2 567 
# 1 2002 2 568 
# 1 2004 2 569 
# 1 2005 2 571 
# 1 2006 2 574 
# 2 576 1 2007 
# 2 577 1 2008 
# 2 578 1 2009 
# 2 579 1 2010 
# 2 580 1 2011 
# 2 584 1 2012 
# 2 585 1 2013 
# 2 586 1 2014 
# 1 2015 2 587 
# 1 2016 2 589 
# 1 2017 2 590 
# 1 2018 2 591 
# 2 594 1 2019 
# 2 595 1 2020 
# 1 2021 2 2633 
# 1 2022 2 2634 
# 1 2023 2 2635 
# 1 2024 2 2637 
# 1 2025 2 2639 
# 2 2640 1 2026 
# 2 2642 1 2027 
# 2 2643 1 2028 
# 2 2645 1 2029 
# 1 2031 2 1785 
# 1 2033 2 1786 
# 1 2035 2 1788 
# 1 2036 2 1789 
# 1 2037 2 1791 
# 2 1792 1 2038 
# 2 1793 1 2040 
# 2 1794 1 2041 
# 2 1796 1 2042 
# 2 1798 1 2043 
# 2 1799 1 2045 
# 1 2047 2 1800 
# 1 2048 2 1801 
# 1 2050 2 1802 
# 1 2052 2 1803 
# 1 2053 2 1804 
# 1 2054 2 1805 
# 1 2055 2 1806 
# 1 2056 2 1807 
# 2 1808 1 2057 
# 2 1809 1 2058 
# 2 1810 1 2060 
# 2 1811 1 2061 
# 2 881 1 2062 
# 1 2063 2 882 
# 1 2064 2 883 
# 1 2066 2 886 
# 1 2067 2 887 
# 1 2068 2 888 
# 1 2069 2 891 
# 1 2070 2 892 
# 1 2071 2 893 
# 1 2072 2 895 
# 2 898 1 2073 
# 2 899 1 2075 
# 2 900 1 2076 
# 2 901 1 2077 
# 1 2079 2 902 
# 1 2081 2 904 
# 1 2082 2 905 
# 1 2084 2 2266 
# 1 2085 2 2267 
# 1 2086 2 2268 
# 1 2087 2 2269 
# 1 2089 2 2270 
# 2 2272 1 2091 
# 2 2273 1 2094 
# 1 2096 2 2274 
# 1 2097 2 2275 
# 2 2276 1 2099 
# 2 2277 1 2100 
# 2 2278 1 2102 
# 2 2279 1 2104 
# 2 2280 1 2105 
# 2 2281 1 2107 
# 2 2282 1 2110 
# 1 2111 2 2283 
# 1 2112 2 2284 
# 1 2113 2 2285 
# 1 2114 2 2287 
# 1 2115 2 2650 
# 1 2116 2 2651 
# 1 2117 2 2652 
# 1 2119 2 2654 
# 2 2656 1 2120 
# 2 2659 1 2121 
# 2 2660 1 2122 
# 2 2661 1 2123 
# 2 2666 1 2125 
# 1 2127 2 2668 
# 1 2128 2 2669 
# 1 2129 2 2670 
# 1 2130 2 2671 
# 2 2676 1 2135 
# 2 2677 1 2136 
# 2 2679 1 2137 
# 2 2681 1 2138 
# 2 2683 1 2139 
# 2 2368 1 2140 
# 2 2369 1 2141 
# 1 2143 2 2371 
# 1 2144 2 2372 
# 1 2145 2 2373 
# 1 2146 2 2377 
# 1 2147 2 2379 
# 1 2148 2 2380 
# 1 2150 2 2382 
# 1 2151 2 1997 
# 1 2152 2 1998 
# 1 2153 2 1999 
# 2 2001 1 2155 
# 2 2003 1 2157 
# 1 2159 2 2004 
# 1 2160 2 2005 
# 1 2161 2 2006 
# 1 2162 2 2007 
# 1 2163 2 2009 
# 1 2164 2 2010 
# 1 2165 2 2011 
# 1 2166 2 2012 
# 1 2167 2 2013 
# 1 2168 2 2014 
# 2 2016 1 2169 
# 2 2017 1 2170 
# 2 2018 1 2171 
# 2 2020 1 2172 
# 2 2021 1 2173 
# 2 1504 1 2175 
# 2 1505 1 2176 
# 1 2177 2 1507 
# 1 2178 2 1508 
# 1 2179 2 1509 
# 1 2180 2 1511 
# 1 2181 2 1512 
# 1 2182 2 1513 
# 1 2183 2 1514 
# 1 2185 2 1515 
# 2 1516 1 2187 
# 1 2188 2 1518 
# 1 2191 2 1519 
# 2 1520 1 2192 
# 2 1521 1 2193 
# 2 1522 1 2194 
# 2 1523 1 2195 
# 2 1524 1 2196 
# 1 2197 2 906 
# 1 2199 2 910 
# 2 912 1 2202 
# 2 913 1 2204 
# 2 914 1 2206 
# 1 2208 2 915 
# 1 2210 2 916 
# 1 2211 2 918 
# 1 2212 2 919 
# 1 2213 2 920 
# 2 1 1 2215 
# 2 2 1 2216 
# 2 3 1 2217 
# 2 4 1 2218 
# 2 5 1 2219 
# 2 6 1 2222 
# 1 2223 2 7 
# 1 2224 2 9 
# 1 2225 2 10 
# 1 2226 2 12 
# 1 2227 2 14 
# 1 2229 2 15 
# 2 17 1 2230 
# 2 18 1 2231 
# 2 20 1 2232 
# 2 21 1 2233 
# 2 22 1 2234 
# 2 23 1 2235 
# 2 24 1 2236 
# 2 27 1 2237 
# 2 28 1 2238 
# 1 2239 2 30 
# 1 2240 2 31 
# 2 32 1 2241 
# 2 33 1 2242 
# 2 34 1 2244 
# 2 35 1 2245 
# 2 37 1 2246 
# 2 38 1 2247 
# 2 40 1 2248 
# 1 2249 2 43 
# 2 45 1 2252 
# 2 46 1 2253 
# 2 48 1 2254 
# 2 49 1 2256 
# 1 2257 2 51 
# 1 2258 2 52 
# 1 2259 2 54 
# 1 2260 2 55 
# 1 2261 2 57 
# 1 2262 2 59 
# 1 2263 2 60 
# 1 2264 2 62 
# 1 2265 2 63 
# 2 64 1 2266 
# 2 65 1 2267 
# 2 66 1 2268 
# 2 67 1 2269 
# 2 68 1 2270 
# 1 2271 2 69 
# 1 2272 2 70 
# 1 2273 2 71 
# 1 2275 2 75 
# 1 2276 2 76 
# 1 2277 2 77 
# 1 2280 2 79 
# 2 82 1 2281 
# 2 83 1 2282 
# 2 532 1 2285 
# 1 2288 2 534 
# 1 2290 2 535 
# 1 2292 2 536 
# 1 2294 2 538 
# 1 2296 2 539 
# 1 2297 2 541 
# 1 2299 2 543 
# 2 259 1 2302 
# 1 2303 2 260 
# 1 2305 2 262 
# 1 2306 2 263 
# 1 2308 2 265 
# 1 2309 2 266 
# 1 2310 2 268 
# 1 2311 2 270 
# 2 272 1 2312 
# 2 273 1 2313 
# 2 274 1 2314 
# 2 275 1 2315 
# 2 276 1 2316 
# 2 278 1 2318 
# 1 2319 2 281 
# 1 2320 2 282 
# 1 2321 2 284 
# 2 288 1 2323 
# 2 290 1 2324 
# 2 291 1 2325 
# 2 1667 1 2327 
# 2 1669 1 2329 
# 2 1671 1 2330 
# 2 1672 1 2331 
# 2 1674 1 2332 
# 2 1675 1 2333 
# 2 1677 1 2334 
# 1 2335 2 1678 
# 2 1680 1 2336 
# 2 1681 1 2337 
# 2 1684 1 2339 
# 2 1685 1 2340 
# 2 1686 1 2341 
# 2 1687 1 2342 
# 1 2343 2 1690 
# 1 2344 2 1692 
# 2 1696 1 2345 
# 2 1697 1 2346 
# 2 1700 1 2348 
# 2 1702 1 2349 
# 2 1812 1 2350 
# 1 2351 2 1813 
# 1 2352 2 1815 
# 1 2353 2 1816 
# 1 2354 2 1818 
# 1 2355 2 1819 
# 1 2356 2 1820 
# 1 2357 2 1822 
# 1 2358 2 1823 
# 2 1825 1 2362 
# 2 1826 1 2363 
# 2 1827 1 2364 
# 2 1828 1 2365 
# 1 2369 2 1830 
# 1 2373 2 1831 
# 2 1832 1 2375 
# 2 2810 1 2377 
# 2 2811 1 2380 
# 2 2812 1 2381 
# 1 2383 2 2813 
# 1 2385 2 2814 
# 1 2387 2 2815 
# 2 2817 1 2390 
# 2 2819 1 2395 
# 2 2820 1 2396 
# 2 2821 1 2398 
# 1 2400 2 2822 
# 1 2403 2 2824 
# 1 2406 2 2825 
# 1 2407 2 2826 
# 1 2408 2 2827 
# 1 2410 2 2828 
# 2 2829 1 2414 
# 1 2415 2 2830 
# 1 2417 2 2831 
# 2 2833 1 2418 
# 2 2834 1 2420 
# 2 2835 1 2422 
# 2 2836 1 2424 
# 2 2837 1 2425 
# 2 2838 1 2428 
# 2 2839 1 2429 
# 2 2840 1 2430 
# 1 2431 2 2841 
# 1 2432 2 1235 
# 2 1236 1 2435 
# 2 1237 1 2436 
# 2 1238 1 2438 
# 2 1239 1 2439 
# 2 1240 1 2442 
# 2 1242 1 2446 
# 1 2453 2 1243 
# 1 2456 2 1244 
# 1 2457 2 1245 
# 2 1246 1 2462 
# 1 2464 2 1247 
# 2 1248 1 2467 
# 2 1249 1 2469 
# 2 1250 1 2471 
# 1 2479 2 1251 
# 1 2482 2 1252 
# 2 1253 1 2484 
# 1 2488 2 1645 
# 1 2489 2 1646 
# 1 2490 2 1647 
# 2 1648 1 2491 
# 2 1649 1 2493 
# 2 1650 1 2494 
# 1 2495 2 1652 
# 1 2496 2 1653 
# 1 2497 2 1654 
# 1 2498 2 1655 
# 1 2500 2 1656 
# 1 2501 2 1658 
# 1 2502 2 1659 
# 1 2503 2 1661 
# 1 2504 2 1662 
# 1 2505 2 1663 
# 2 1664 1 2506 
# 2 1665 1 2507 
# 2 2686 1 2509 
# 2 2689 1 2512 
# 1 2513 2 2691 
# 1 2514 2 2693 
# 1 2515 2 2695 
# 1 2516 2 2700 
# 1 2517 2 2701 
# 1 2521 2 2702 
# 2 1452 1 2524 
# 2 1453 1 2526 
# 1 2528 2 1454 
# 1 2529 2 1455 
# 2 1456 1 2530 
# 2 1457 1 2531 
# 2 1458 1 2533 
# 2 1459 1 2534 
# 2 1460 1 2535 
# 2 1461 1 2536 
# 2 1462 1 2537 
# 2 1463 1 2538 
# 2 1464 1 2539 
# 1 2543 2 1465 
# 1 2544 2 1466 
# 1 2545 2 1467 
# 1 2546 2 1469 
# 1 2547 2 1470 
# 2 1472 1 2549 
# 2 1473 1 2550 
# 1 2551 2 1775 
# 2 1776 1 2553 
# 2 1777 1 2554 
# 2 1778 1 2557 
# 2 1779 1 2558 
# 1 2561 2 1780 
# 1 2562 2 1781 
# 1 2563 2 1782 
# 1 2564 2 1783 
# 1 2565 2 1784 
# 2 1475 1 2572 
# 1 2575 2 1476 
# 1 2576 2 1477 
# 1 2579 2 1478 
# 2 1479 1 2583 
# 2 1480 1 2586 
# 2 1482 1 2590 
# 1 2596 2 1483 
# 1 2597 2 1484 
# 1 2598 2 1485 
# 1 2600 2 1486 
# 1 2603 2 1487 
# 2 1488 1 2605 
# 1 2607 2 1489 
# 2 1490 1 2610 
# 2 1492 1 2616 
# 2 1494 1 2620 
# 2 1496 1 2621 
# 2 1498 1 2622 
# 2 1499 1 2635 
# 2 1500 1 2636 
# 2 1501 1 2638 
# 1 2639 2 1502 
# 1 2640 2 1503 
# 1 2644 2 2159 
# 2 2160 1 2645 
# 2 2161 1 2646 
# 2 2162 1 2647 
# 2 2163 1 2648 
# 2 2164 1 2649 
# 2 2165 1 2651 
# 2 2166 1 2652 
# 2 2168 1 2654 
# 1 2655 2 2169 
# 1 2656 2 2170 
# 1 2657 2 2171 
# 1 2658 2 2172 
# 1 2659 2 2173 
# 1 2660 2 2174 
# 1 2661 2 2175 
# 2 2176 1 2663 
# 2 2177 1 2664 
# 2 2179 1 2665 
# 2 2180 1 2666 
# 2 2181 1 2667 
# 2 2182 1 2668 
# 2 2183 1 2669 
# 2 2186 1 2670 
# 1 2673 2 2188 
# 1 2674 2 2189 
# 1 2675 2 2190 
# 1 2676 2 2191 
# 2 2192 1 2677 
# 2 2193 1 2678 
# 2 2194 1 2679 
# 2 2196 1 2680 
# 2 2198 1 2681 
# 2 2199 1 2682 
# 2 2201 1 2683 
# 2 2203 1 2684 
# 2 2204 1 2685 
# 1 2687 2 2205 
# 1 2688 2 2206 
# 2 2208 1 2689 
# 2 2209 1 2691 
# 2 2210 1 2692 
# 2 3045 1 2695 
# 2 3046 1 2697 
# 2 3047 1 2699 
# 2 3048 1 2701 
# 1 2705 2 3050 
# 1 2706 2 3051 
# 1 2708 2 3052 
# 1 2709 2 3053 
# 1 2711 2 3054 
# 1 2713 2 2941 
# 1 2715 2 2943 
# 2 2944 1 2716 
# 2 2946 1 2717 
# 1 2719 2 2951 
# 1 2720 2 2953 
# 1 2721 2 2955 
# 1 2722 2 2956 
# 2 2961 1 2724 
# 2 2964 1 2725 
# 2 2967 1 2727 
# 1 2728 2 2971 
# 2 2977 1 2729 
# 2 2979 1 2730 
# 2 2984 1 2731 
# 2 2987 1 2732 
# 2 294 1 2733 
# 1 2735 2 297 
# 1 2737 2 298 
# 1 2738 2 299 
# 1 2739 2 300 
# 1 2740 2 301 
# 1 2741 2 302 
# 1 2742 2 303 
# 2 304 1 2743 
# 2 305 1 2745 
# 2 307 1 2747 
# 2 308 1 2748 
# 2 309 1 2749 
# 2 312 1 2750 
# 1 2751 2 313 
# 1 2756 2 317 
# 1 2757 2 319 
# 2 321 1 2758 
# 2 323 1 2759 
# 2 324 1 2760 
# 2 325 1 2762 
# 2 326 1 2765 
# 1 2767 2 328 
# 1 2768 2 329 
# 1 2769 2 331 
# 1 2770 2 332 
# 1 2771 2 333 
# 2 337 1 2772 
# 2 338 1 2773 
# 2 340 1 2774 
# 2 342 1 2776 
# 2 343 1 2777 
# 2 344 1 2779 
# 2 348 1 2781 
