> 1 synthdata_0
> 2 synthdata_1
# 2 1 1 3 
# 2 2 1 5 
# 2 3 1 6 
# 2 5 1 7 
# 2 6 1 8 
# 2 8 1 10 
# 2 10 1 11 
# 2 12 1 12 
# 2 13 1 13 
# 2 14 1 14 
# 1 15 2 15 
# 2 16 1 16 
# 2 18 1 19 
# 2 20 1 21 
# 2 21 1 22 
# 2 22 1 24 
# 2 23 1 25 
# 2 26 1 27 
# 2 28 1 28 
# 2 29 1 29 
# 2 32 1 30 
# 1 31 2 33 
# 1 32 2 36 
# 1 33 2 37 
# 1 34 2 39 
# 1 35 2 43 
# 1 36 2 46 
# 2 49 1 38 
# 2 51 1 40 
# 2 52 1 41 
# 2 55 1 42 
# 2 57 1 44 
# 2 58 1 45 
# 2 61 1 46 
# 1 47 2 62 
# 2 65 1 48 
# 1 49 2 69 
# 1 50 2 70 
# 1 51 2 71 
# 1 52 2 72 
# 1 53 2 73 
# 1 56 2 74 
# 1 57 2 75 
# 2 76 1 59 
# 2 77 1 60 
# 2 78 1 61 
# 1 64 2 82 
# 1 66 2 84 
# 2 85 1 68 
# 2 86 1 69 
# 2 87 1 71 
# 2 88 1 74 
# 2 89 1 75 
# 2 90 1 76 
# 2 91 1 77 
# 2 92 1 78 
# 1 79 2 93 
# 1 83 2 94 
# 1 84 2 95 
# 2 96 1 85 
# 2 98 1 86 
# 2 99 1 87 
# 2 100 1 88 
# 2 101 1 89 
# 2 104 1 91 
# 2 105 1 92 
# 2 106 1 93 
# 1 95 2 108 
# 1 96 2 109 
# 1 97 2 110 
# 2 112 1 98 
# 2 113 1 99 
# 2 114 1 100 
# 2 115 1 101 
# 2 117 1 103 
# 2 118 1 104 
# 2 119 1 105 
# 2 120 1 106 
# 2 121 1 107 
# 2 122 1 108 
# 2 124 1 109 
# 1 111 2 126 
# 1 112 2 127 
# 1 114 2 132 
# 1 116 2 135 
# 1 119 2 142 
# 1 120 2 143 
# 2 146 1 121 
# 2 147 1 122 
# 2 148 1 123 
# 2 151 1 124 
# 2 152 1 125 
# 2 156 1 126 
# 1 127 2 157 
# 1 128 2 158 
# 2 161 1 129 
# 2 162 1 130 
# 2 163 1 131 
# 1 134 2 169 
# 1 137 2 171 
# 1 138 2 172 
# 1 139 2 173 
# 1 140 2 175 
# 2 178 1 141 
# 2 180 1 142 
# 1 143 2 185 
# 1 144 2 187 
# 1 146 2 189 
# 1 147 2 191 
# 2 193 1 148 
# 2 195 1 149 
# 2 197 1 152 
# 2 198 1 153 
# 2 201 1 154 
# 2 204 1 156 
# 2 205 1 157 
# 2 206 1 158 
# 1 159 2 207 
# 2 208 1 162 
# 2 209 1 164 
# 2 211 1 165 
# 2 212 1 166 
# 2 213 1 167 
# 2 214 1 168 
# 2 215 1 169 
# 2 216 1 170 
# 2 217 1 171 
# 2 218 1 172 
# 2 219 1 173 
# 2 221 1 174 
# 1 175 2 223 
# 2 224 1 176 
# 2 225 1 177 
# 2 226 1 178 
# 2 228 1 181 
# 2 229 1 182 
# 2 230 1 185 
# 2 231 1 186 
# 2 232 1 187 
# 2 233 1 189 
# 2 234 1 190 
# 1 191 2 235 
# 1 192 2 237 
# 1 194 2 238 
# 1 195 2 239 
# 2 240 1 197 
# 2 241 1 198 
# 2 244 1 204 
# 2 245 1 205 
# 2 246 1 206 
# 1 208 2 247 
# 1 209 2 248 
# 1 212 2 249 
# 1 213 2 251 
# 1 216 2 252 
# 1 217 2 253 
# 1 219 2 254 
# 2 255 1 222 
# 2 256 1 223 
# 2 257 1 226 
# 2 258 1 229 
# 2 261 1 232 
# 2 262 1 233 
# 2 263 1 235 
# 2 264 1 236 
# 2 265 1 237 
# 1 239 2 266 
# 1 241 2 267 
# 1 242 2 268 
# 1 243 2 269 
# 1 244 2 270 
# 1 245 2 271 
# 2 272 1 247 
# 2 275 1 250 
# 2 276 1 251 
# 2 277 1 252 
# 2 278 1 253 
# 2 279 1 254 
# 1 256 2 280 
# 1 258 2 282 
# 1 260 2 287 
# 2 288 1 261 
# 2 292 1 263 
# 2 293 1 266 
# 2 294 1 269 
# 1 271 2 296 
# 1 273 2 297 
# 1 276 2 298 
# 1 278 2 300 
# 1 280 2 301 
# 1 282 2 302 
# 1 284 2 303 
# 2 304 1 286 
# 2 305 1 288 
# 2 306 1 290 
# 2 307 1 292 
# 2 308 1 293 
# 2 309 1 295 
# 2 310 1 297 
# 2 311 1 299 
# 2 312 1 301 
# 1 303 2 313 
# 1 305 2 314 
# 1 307 2 315 
# 1 313 2 318 
# 1 314 2 319 
# 2 320 1 315 
# 2 326 1 316 
# 2 327 1 317 
# 2 329 1 318 
# 1 319 2 332 
# 1 320 2 334 
# 1 321 2 335 
# 2 337 1 322 
# 2 340 1 323 
# 1 324 2 343 
# 1 325 2 344 
# 1 326 2 348 
# 1 327 2 349 
# 1 328 2 350 
# 1 329 2 351 
# 2 353 1 330 
# 2 355 1 331 
# 2 356 1 332 
# 2 359 1 333 
# 2 363 1 334 
# 1 335 2 364 
# 1 336 2 366 
# 2 368 1 338 
# 2 370 1 339 
# 2 373 1 341 
# 1 342 2 377 
# 1 343 2 378 
# 1 344 2 380 
# 1 345 2 381 
# 1 346 2 383 
# 2 384 1 347 
# 2 386 1 348 
# 1 352 2 387 
# 1 353 2 388 
# 2 389 1 356 
# 2 391 1 359 
# 2 392 1 361 
# 2 393 1 363 
# 2 394 1 364 
# 2 395 1 365 
# 1 367 2 396 
# 1 368 2 397 
# 1 369 2 398 
# 2 400 1 370 
# 2 401 1 372 
# 2 402 1 373 
# 2 403 1 375 
# 2 404 1 376 
# 2 405 1 377 
# 2 406 1 378 
# 2 407 1 379 
# 2 408 1 381 
# 2 409 1 382 
# 1 383 2 410 
# 1 384 2 411 
# 1 385 2 412 
# 1 386 2 413 
# 1 387 2 414 
# 1 388 2 415 
# 2 416 1 389 
# 2 417 1 390 
# 2 418 1 392 
# 2 420 1 393 
# 2 421 1 395 
# 2 422 1 398 
# 1 399 2 423 
# 1 401 2 424 
# 1 402 2 425 
# 1 405 2 427 
# 1 406 2 429 
# 1 407 2 431 
# 2 432 1 408 
# 2 434 1 409 
# 2 436 1 410 
# 2 440 1 411 
# 2 444 1 412 
# 2 448 1 413 
# 2 451 1 414 
# 1 415 2 458 
# 1 416 2 459 
# 2 467 1 418 
# 1 419 2 474 
# 2 480 1 421 
# 1 425 2 495 
# 2 499 1 427 
# 2 503 1 428 
# 1 431 2 510 
# 1 432 2 511 
# 2 512 1 433 
# 1 434 2 520 
# 1 435 2 521 
# 1 436 2 524 
# 2 529 1 437 
# 2 531 1 439 
# 2 532 1 440 
# 2 533 1 441 
# 2 534 1 442 
# 2 535 1 444 
# 1 447 2 536 
# 1 448 2 537 
# 1 449 2 538 
# 1 450 2 539 
# 1 451 2 540 
# 1 453 2 542 
# 1 454 2 543 
# 2 545 1 456 
# 2 547 1 458 
# 2 550 1 459 
# 2 551 1 460 
# 2 552 1 461 
# 2 553 1 462 
# 1 463 2 556 
# 1 464 2 558 
# 2 562 1 465 
# 1 466 2 566 
# 1 467 2 568 
# 1 468 2 571 
# 1 469 2 573 
# 1 470 2 575 
# 2 579 1 471 
# 1 472 2 587 
# 2 595 1 473 
# 2 599 1 474 
# 2 601 1 475 
# 2 602 1 477 
# 2 603 1 478 
# 1 479 2 604 
# 1 480 2 605 
# 1 481 2 607 
# 2 608 1 482 
# 2 609 1 483 
# 2 610 1 484 
# 2 611 1 486 
# 2 612 1 489 
# 2 615 1 490 
# 2 616 1 491 
# 2 617 1 492 
# 2 618 1 493 
# 2 620 1 494 
# 1 496 2 621 
# 1 497 2 622 
# 1 498 2 623 
# 2 624 1 500 
# 2 625 1 501 
# 2 627 1 502 
# 2 628 1 504 
# 2 629 1 505 
# 2 631 1 506 
# 2 632 1 507 
# 2 635 1 508 
# 2 636 1 510 
# 1 511 2 637 
# 1 512 2 638 
# 1 513 2 639 
# 2 640 1 514 
# 2 641 1 515 
# 2 642 1 516 
# 2 643 1 517 
# 2 645 1 518 
# 2 646 1 519 
# 2 648 1 520 
# 2 649 1 521 
# 2 652 1 523 
# 2 653 1 524 
# 2 654 1 526 
# 1 527 2 655 
# 2 656 1 528 
# 2 657 1 529 
# 2 658 1 530 
# 2 659 1 531 
# 2 660 1 532 
# 2 661 1 535 
# 2 662 1 538 
# 2 663 1 539 
# 2 664 1 540 
# 2 666 1 542 
# 1 543 2 667 
# 1 544 2 668 
# 1 545 2 670 
# 1 546 2 671 
# 2 673 1 547 
# 2 674 1 548 
# 2 675 1 549 
# 2 676 1 551 
# 2 677 1 552 
# 2 678 1 553 
# 2 679 1 554 
# 2 680 1 555 
# 2 683 1 557 
# 2 684 1 558 
# 1 559 2 686 
# 1 561 2 687 
# 2 688 1 563 
# 2 689 1 564 
# 2 690 1 565 
# 2 691 1 566 
# 2 692 1 567 
# 2 693 1 569 
# 2 694 1 570 
# 2 695 1 572 
# 2 696 1 574 
# 1 575 2 697 
# 1 576 2 698 
# 1 577 2 700 
# 1 578 2 701 
# 1 579 2 702 
# 1 580 2 703 
# 2 704 1 581 
# 2 707 1 583 
# 2 708 1 584 
# 2 709 1 585 
# 2 711 1 586 
# 2 712 1 587 
# 2 713 1 589 
# 2 714 1 590 
# 1 591 2 715 
# 1 592 2 718 
# 2 720 1 593 
# 2 721 1 594 
# 2 722 1 600 
# 2 724 1 603 
# 2 725 1 604 
# 2 726 1 606 
# 1 608 2 727 
# 1 610 2 728 
# 1 614 2 729 
# 2 730 1 618 
# 2 731 1 621 
# 1 624 2 732 
# 1 627 2 733 
# 1 630 2 735 
# 2 736 1 634 
# 2 737 1 637 
# 1 640 2 738 
# 2 739 1 642 
# 2 740 1 648 
# 2 741 1 649 
# 2 744 1 654 
# 1 658 2 745 
# 1 661 2 746 
# 1 664 2 747 
# 1 666 2 748 
# 2 749 1 669 
# 1 673 2 750 
# 1 676 2 751 
# 2 752 1 677 
# 2 753 1 678 
# 2 754 1 680 
# 2 756 1 691 
# 2 757 1 693 
# 2 758 1 694 
# 1 704 2 760 
# 1 708 2 762 
# 2 763 1 714 
# 2 764 1 717 
# 2 767 1 718 
# 2 768 1 720 
# 2 771 1 725 
# 2 772 1 727 
# 2 773 1 728 
# 2 775 1 729 
# 2 778 1 731 
# 2 779 1 732 
# 2 780 1 733 
# 2 781 1 734 
# 1 735 2 787 
# 1 736 2 790 
# 1 737 2 791 
# 1 738 2 792 
# 1 739 2 797 
# 2 802 1 740 
# 2 803 1 741 
# 2 805 1 742 
# 1 743 2 809 
# 1 744 2 810 
# 2 811 1 746 
# 2 813 1 749 
# 2 814 1 750 
# 1 751 2 815 
# 2 816 1 753 
# 2 817 1 755 
# 2 818 1 757 
# 2 821 1 761 
# 2 822 1 763 
# 2 823 1 764 
# 2 824 1 765 
# 1 767 2 825 
# 1 768 2 826 
# 1 769 2 827 
# 1 771 2 830 
# 1 772 2 831 
# 2 832 1 773 
# 2 836 1 774 
# 2 837 1 775 
# 2 839 1 776 
# 2 840 1 777 
# 2 841 1 778 
# 2 842 1 779 
# 2 843 1 780 
# 2 844 1 781 
# 2 845 1 782 
# 1 783 2 846 
# 1 784 2 847 
# 2 850 1 786 
# 2 851 1 787 
# 2 853 1 788 
# 1 789 2 856 
# 1 790 2 857 
# 1 791 2 858 
# 1 792 2 860 
# 1 793 2 861 
# 2 865 1 794 
# 2 868 1 795 
# 2 871 1 797 
# 2 875 1 798 
# 1 799 2 876 
# 1 800 2 878 
# 1 801 2 879 
# 1 803 2 885 
# 1 804 2 886 
# 1 805 2 887 
# 1 806 2 889 
# 1 807 2 892 
# 1 808 2 893 
# 2 897 1 809 
# 2 900 1 810 
# 2 901 1 811 
# 2 903 1 812 
# 2 904 1 813 
# 2 905 1 814 
# 1 815 2 908 
# 1 817 2 911 
# 2 912 1 818 
# 2 914 1 819 
# 2 917 1 820 
# 2 918 1 821 
# 2 919 1 822 
# 1 823 2 922 
# 1 824 2 923 
# 1 825 2 925 
# 1 828 2 927 
# 2 932 1 829 
# 1 831 2 937 
# 1 832 2 938 
# 1 833 2 939 
# 1 835 2 943 
# 2 944 1 836 
# 2 947 1 838 
# 2 951 1 839 
# 2 953 1 841 
# 1 842 2 956 
# 1 843 2 957 
# 2 960 1 845 
# 2 961 1 846 
# 1 847 2 963 
# 1 848 2 964 
# 1 849 2 966 
# 1 850 2 969 
# 1 851 2 970 
# 1 852 2 972 
# 1 855 2 975 
# 2 976 1 856 
# 2 977 1 857 
# 2 979 1 858 
# 2 980 1 859 
# 2 983 1 862 
# 1 863 2 984 
# 1 865 2 987 
# 1 866 2 990 
# 1 869 2 991 
# 2 992 1 870 
# 2 994 1 873 
# 2 995 1 876 
# 2 996 1 877 
# 1 879 2 997 
# 1 880 2 998 
# 1 883 2 999 
# 1 885 2 1000 
# 1 887 2 1001 
# 1 889 2 1003 
# 2 1004 1 893 
# 1 896 2 1005 
# 1 897 2 1006 
# 1 899 2 1007 
# 2 1008 1 900 
# 2 1009 1 901 
# 2 1010 1 903 
# 2 1011 1 904 
# 2 1012 1 906 
# 2 1013 1 907 
# 2 1014 1 908 
# 1 912 2 1015 
# 1 913 2 1017 
# 1 914 2 1018 
# 1 915 2 1019 
# 1 916 2 1020 
# 1 917 2 1022 
# 2 1025 1 918 
# 2 1026 1 919 
# 2 1028 1 920 
# 2 1029 1 922 
# 2 1030 1 923 
# 2 1033 1 925 
# 2 1034 1 926 
# 1 928 2 1043 
# 1 930 2 1047 
# 1 931 2 1049 
# 1 935 2 1050 
# 1 936 2 1051 
# 1 937 2 1052 
# 1 938 2 1053 
# 1 944 2 1054 
# 1 945 2 1055 
# 2 1056 1 947 
# 2 1057 1 948 
# 2 1059 1 951 
# 2 1060 1 953 
# 2 1062 1 954 
# 2 1063 1 955 
# 2 1064 1 956 
# 1 959 2 1065 
# 1 960 2 1066 
# 1 962 2 1067 
# 1 964 2 1068 
# 1 965 2 1069 
# 1 967 2 1070 
# 1 969 2 1071 
# 2 1074 1 974 
# 1 975 2 1075 
# 1 977 2 1076 
# 1 979 2 1078 
# 1 982 2 1081 
# 2 1082 1 985 
# 1 991 2 1083 
# 1 993 2 1084 
# 1 995 2 1085 
# 1 997 2 1087 
# 2 1088 1 998 
# 2 1089 1 1001 
# 2 1091 1 1003 
# 2 1093 1 1005 
# 1 1008 2 1099 
# 1 1009 2 1100 
# 1 1010 2 1101 
# 2 1108 1 1013 
# 2 1110 1 1014 
# 2 1111 1 1015 
# 2 1113 1 1016 
# 1 1018 2 1116 
# 1 1019 2 1118 
# 1 1020 2 1119 
# 2 1120 1 1021 
# 2 1121 1 1022 
# 1 1025 2 1124 
# 1 1026 2 1126 
# 1 1029 2 1127 
# 2 1129 1 1032 
# 2 1130 1 1033 
# 1 1039 2 1131 
# 1 1047 2 1134 
# 1 1049 2 1135 
# 2 1136 1 1051 
# 2 1137 1 1052 
# 2 1138 1 1054 
# 1 1055 2 1139 
# 1 1058 2 1141 
# 1 1060 2 1142 
# 1 1061 2 1143 
# 2 1144 1 1063 
# 2 1146 1 1065 
# 1 1066 2 1148 
# 1 1067 2 1149 
# 1 1068 2 1150 
# 1 1071 2 1151 
# 2 1154 1 1074 
# 2 1155 1 1075 
# 2 1156 1 1077 
# 2 1157 1 1083 
# 2 1158 1 1084 
# 1 1088 2 1159 
# 1 1092 2 1160 
# 1 1093 2 1162 
# 1 1095 2 1164 
# 1 1096 2 1165 
# 1 1097 2 1166 
# 1 1099 2 1167 
# 2 1168 1 1100 
# 2 1169 1 1101 
# 2 1170 1 1102 
# 1 1104 2 1171 
# 1 1105 2 1172 
# 1 1106 2 1173 
# 1 1107 2 1175 
# 1 1108 2 1177 
# 1 1109 2 1178 
# 1 1110 2 1179 
# 1 1111 2 1180 
# 1 1112 2 1181 
# 1 1114 2 1182 
# 1 1115 2 1183 
# 2 1190 1 1116 
# 2 1193 1 1117 
# 2 1195 1 1118 
# 1 1119 2 1198 
# 2 1200 1 1120 
# 1 1121 2 1203 
# 1 1122 2 1207 
# 1 1123 2 1208 
# 2 1217 1 1124 
# 2 1220 1 1126 
# 2 1221 1 1127 
# 2 1225 1 1129 
# 1 1130 2 1228 
# 1 1131 2 1230 
# 2 1233 1 1132 
# 2 1234 1 1133 
# 2 1237 1 1134 
# 1 1135 2 1243 
# 1 1136 2 1245 
# 1 1137 2 1246 
# 2 1248 1 1139 
# 2 1250 1 1140 
# 2 1251 1 1141 
# 2 1252 1 1142 
# 2 1255 1 1143 
# 1 1144 2 1258 
# 1 1145 2 1260 
# 1 1146 2 1262 
# 1 1147 2 1263 
# 2 1264 1 1148 
# 2 1266 1 1150 
# 1 1151 2 1268 
# 1 1152 2 1270 
# 1 1153 2 1271 
# 1 1154 2 1273 
# 1 1155 2 1275 
# 1 1156 2 1277 
# 2 1280 1 1158 
# 2 1281 1 1159 
# 2 1285 1 1160 
# 2 1286 1 1161 
# 2 1287 1 1162 
# 2 1288 1 1163 
# 2 1289 1 1164 
# 2 1290 1 1165 
# 2 1291 1 1166 
# 1 1168 2 1293 
# 1 1169 2 1294 
# 1 1170 2 1295 
# 2 1297 1 1171 
# 2 1298 1 1172 
# 2 1300 1 1176 
# 2 1301 1 1178 
# 2 1303 1 1179 
# 2 1304 1 1180 
# 2 1306 1 1181 
# 2 1307 1 1182 
# 1 1183 2 1308 
# 1 1184 2 1309 
# 1 1187 2 1310 
# 1 1189 2 1311 
# 2 1312 1 1190 
# 2 1313 1 1192 
# 2 1314 1 1194 
# 2 1315 1 1195 
# 2 1316 1 1196 
# 1 1199 2 1317 
# 1 1200 2 1318 
# 1 1202 2 1319 
# 1 1204 2 1321 
# 1 1205 2 1322 
# 1 1208 2 1323 
# 1 1209 2 1324 
# 1 1211 2 1325 
# 1 1213 2 1327 
# 2 1329 1 1219 
# 2 1330 1 1221 
# 2 1331 1 1222 
# 2 1332 1 1224 
# 2 1333 1 1227 
# 2 1334 1 1228 
# 1 1232 2 1336 
# 1 1233 2 1337 
# 1 1234 2 1338 
# 1 1238 2 1339 
# 1 1241 2 1340 
# 2 1341 1 1246 
# 1 1248 2 1342 
# 1 1252 2 1343 
# 2 1344 1 1253 
# 2 1345 1 1258 
# 2 1346 1 1260 
# 2 1347 1 1261 
# 2 1348 1 1262 
# 1 1263 2 1349 
# 1 1264 2 1350 
# 1 1265 2 1351 
# 1 1266 2 1352 
# 1 1268 2 1354 
# 1 1269 2 1355 
# 1 1270 2 1356 
# 1 1271 2 1357 
# 1 1272 2 1358 
# 2 1360 1 1273 
# 2 1361 1 1276 
# 1 1279 2 1363 
# 1 1280 2 1365 
# 1 1281 2 1366 
# 1 1282 2 1367 
# 1 1283 2 1368 
# 1 1284 2 1370 
# 1 1285 2 1371 
# 1 1286 2 1372 
# 1 1287 2 1373 
# 1 1288 2 1374 
# 1 1289 2 1375 
# 2 1376 1 1290 
# 2 1377 1 1291 
# 2 1378 1 1292 
# 2 1379 1 1293 
# 2 1380 1 1294 
# 1 1295 2 1381 
# 1 1296 2 1382 
# 1 1297 2 1383 
# 1 1298 2 1384 
# 1 1299 2 1385 
# 1 1300 2 1386 
# 1 1301 2 1387 
# 1 1302 2 1388 
# 1 1304 2 1389 
# 1 1305 2 1390 
# 2 1392 1 1307 
# 2 1393 1 1308 
# 2 1395 1 1310 
# 1 1311 2 1396 
# 1 1313 2 1399 
# 1 1314 2 1400 
# 1 1316 2 1402 
# 1 1317 2 1404 
# 1 1321 2 1405 
# 1 1324 2 1406 
# 1 1327 2 1407 
# 2 1408 1 1329 
# 2 1409 1 1331 
# 2 1410 1 1332 
# 2 1411 1 1333 
# 2 1412 1 1339 
# 2 1414 1 1340 
# 2 1415 1 1341 
# 2 1416 1 1342 
# 1 1348 2 1419 
# 1 1351 2 1421 
# 1 1355 2 1422 
# 2 1425 1 1360 
# 2 1427 1 1362 
# 2 1428 1 1363 
# 2 1430 1 1369 
# 2 1431 1 1371 
# 1 1375 2 1432 
# 1 1376 2 1433 
# 1 1377 2 1434 
# 1 1380 2 1435 
# 1 1381 2 1436 
# 1 1383 2 1437 
# 2 1438 1 1390 
# 1 1394 2 1439 
# 2 1441 1 1395 
# 2 1442 1 1396 
# 2 1443 1 1399 
# 2 1444 1 1401 
# 2 1445 1 1402 
# 2 1446 1 1403 
# 2 1447 1 1405 
# 1 1407 2 1448 
# 1 1412 2 1450 
# 1 1414 2 1451 
# 1 1415 2 1452 
# 1 1416 2 1453 
# 1 1418 2 1455 
# 2 1456 1 1420 
# 1 1423 2 1457 
# 2 1458 1 1426 
# 2 1459 1 1427 
# 2 1460 1 1428 
# 2 1462 1 1430 
# 2 1463 1 1433 
# 2 1464 1 1436 
# 1 1440 2 1465 
# 1 1441 2 1466 
# 1 1442 2 1467 
# 1 1444 2 1468 
# 1 1445 2 1469 
# 1 1446 2 1471 
# 2 1474 1 1448 
# 2 1475 1 1449 
# 2 1477 1 1450 
# 2 1479 1 1451 
# 2 1480 1 1452 
# 2 1481 1 1453 
# 2 1483 1 1454 
# 1 1455 2 1485 
# 1 1456 2 1486 
# 1 1457 2 1487 
# 2 1488 1 1459 
# 2 1489 1 1460 
# 2 1490 1 1461 
# 2 1493 1 1462 
# 2 1494 1 1464 
# 2 1495 1 1465 
# 2 1497 1 1466 
# 2 1498 1 1467 
# 1 1473 2 1500 
# 1 1474 2 1501 
# 1 1475 2 1502 
# 1 1476 2 1503 
# 2 1506 1 1479 
# 2 1507 1 1483 
# 2 1508 1 1484 
# 2 1509 1 1485 
# 2 1510 1 1486 
# 1 1488 2 1511 
# 1 1490 2 1512 
# 1 1491 2 1513 
# 1 1492 2 1514 
# 1 1493 2 1515 
# 1 1494 2 1516 
# 1 1495 2 1517 
# 1 1496 2 1518 
# 1 1497 2 1519 
# 2 1521 1 1499 
# 2 1522 1 1500 
# 1 1504 2 1523 
# 1 1505 2 1525 
# 1 1506 2 1526 
# 1 1507 2 1527 
# 1 1509 2 1528 
# 1 1511 2 1530 
# 2 1531 1 1514 
# 2 1532 1 1516 
# 2 1533 1 1517 
# 1 1519 2 1535 
# 2 1536 1 1520 
# 2 1537 1 1521 
# 2 1538 1 1522 
# 2 1539 1 1525 
# 2 1540 1 1526 
# 2 1541 1 1527 
# 2 1542 1 1530 
# 2 1543 1 1531 
# 2 1544 1 1532 
# 2 1545 1 1533 
# 2 1546 1 1534 
# 1 1535 2 1547 
# 1 1536 2 1548 
# 1 1538 2 1549 
# 1 1540 2 1550 
# 1 1541 2 1551 
# 2 1552 1 1543 
# 2 1555 1 1545 
# 2 1556 1 1546 
# 2 1558 1 1547 
# 2 1559 1 1548 
# 2 1562 1 1549 
# 2 1568 1 1550 
# 1 1551 2 1569 
# 1 1552 2 1572 
# 1 1553 2 1573 
# 1 1554 2 1574 
# 1 1555 2 1579 
# 1 1556 2 1582 
# 1 1558 2 1583 
# 2 1584 1 1559 
# 2 1586 1 1560 
# 2 1590 1 1561 
# 2 1591 1 1563 
# 2 1592 1 1564 
# 2 1593 1 1565 
# 2 1594 1 1566 
# 1 1567 2 1595 
# 1 1568 2 1596 
# 1 1569 2 1597 
# 1 1570 2 1598 
# 1 1574 2 1599 
# 2 1600 1 1575 
# 2 1601 1 1576 
# 2 1602 1 1577 
# 2 1603 1 1579 
# 2 1604 1 1580 
# 2 1605 1 1582 
# 1 1583 2 1606 
# 1 1585 2 1607 
# 1 1587 2 1608 
# 1 1589 2 1609 
# 1 1591 2 1610 
# 1 1593 2 1612 
# 1 1595 2 1613 
# 2 1614 1 1597 
# 1 1599 2 1615 
# 2 1616 1 1601 
# 2 1617 1 1605 
# 2 1618 1 1607 
# 2 1619 1 1608 
# 2 1620 1 1609 
# 2 1621 1 1610 
# 2 1623 1 1614 
# 1 1616 2 1624 
# 1 1619 2 1625 
# 1 1623 2 1628 
# 1 1626 2 1630 
# 1 1628 2 1631 
# 2 1632 1 1631 
# 2 1633 1 1632 
# 2 1634 1 1634 
# 2 1635 1 1635 
# 2 1636 1 1636 
# 2 1637 1 1638 
# 2 1638 1 1639 
# 2 1639 1 1641 
# 2 1640 1 1642 
# 2 1641 1 1643 
# 2 1642 1 1644 
# 2 1643 1 1646 
# 1 1647 2 1645 
# 1 1648 2 1646 
# 1 1650 2 1647 
# 2 1648 1 1651 
# 2 1649 1 1652 
# 2 1650 1 1653 
# 2 1651 1 1654 
# 2 1652 1 1655 
# 2 1653 1 1656 
# 2 1654 1 1657 
# 2 1655 1 1658 
# 2 1657 1 1659 
# 2 1658 1 1660 
# 1 1664 2 1659 
# 1 1665 2 1660 
# 1 1666 2 1662 
# 1 1667 2 1663 
# 2 1664 1 1668 
# 2 1665 1 1669 
# 2 1667 1 1672 
# 2 1668 1 1674 
# 2 1669 1 1675 
# 2 1670 1 1676 
# 2 1672 1 1678 
# 1 1680 2 1673 
# 1 1682 2 1674 
# 1 1686 2 1678 
# 1 1687 2 1679 
# 2 1680 1 1688 
# 2 1683 1 1690 
# 2 1684 1 1691 
# 2 1685 1 1693 
# 2 1686 1 1694 
# 1 1695 2 1687 
# 1 1696 2 1688 
# 1 1697 2 1689 
# 1 1700 2 1690 
# 1 1701 2 1691 
# 1 1704 2 1692 
# 1 1705 2 1693 
# 1 1707 2 1694 
# 1 1708 2 1695 
# 2 1696 1 1709 
# 2 1697 1 1710 
# 1 1711 2 1698 
# 1 1712 2 1699 
# 1 1713 2 1700 
# 1 1714 2 1701 
# 1 1715 2 1702 
# 1 1716 2 1703 
# 1 1717 2 1704 
# 1 1719 2 1705 
# 1 1720 2 1706 
# 1 1721 2 1707 
# 2 1708 1 1725 
# 2 1709 1 1726 
# 1 1727 2 1710 
# 1 1730 2 1711 
# 2 1712 1 1738 
# 1 1744 2 1715 
# 1 1745 2 1716 
# 2 1717 1 1749 
# 2 1718 1 1750 
# 2 1719 1 1752 
# 2 1720 1 1753 
# 2 1721 1 1756 
# 1 1759 2 1723 
# 1 1762 2 1724 
# 1 1763 2 1725 
# 1 1767 2 1726 
# 1 1768 2 1727 
# 2 1728 1 1770 
# 2 1729 1 1771 
# 2 1730 1 1773 
# 2 1731 1 1774 
# 1 1778 2 1732 
# 1 1779 2 1733 
# 2 1734 1 1782 
# 2 1735 1 1783 
# 2 1736 1 1784 
# 2 1737 1 1785 
# 2 1738 1 1786 
# 2 1739 1 1787 
# 2 1742 1 1789 
# 2 1743 1 1790 
# 2 1744 1 1792 
# 2 1745 1 1794 
# 2 1746 1 1795 
# 2 1747 1 1797 
# 2 1748 1 1799 
# 2 1750 1 1800 
# 2 1751 1 1802 
# 2 1752 1 1804 
# 1 1809 2 1755 
# 1 1811 2 1756 
# 1 1814 2 1758 
# 2 1760 1 1818 
# 2 1762 1 1827 
# 2 1764 1 1830 
# 2 1765 1 1834 
# 2 1767 1 1837 
# 1 1840 2 1768 
# 1 1843 2 1770 
# 1 1847 2 1771 
# 2 1772 1 1851 
# 1 1857 2 1774 
# 1 1858 2 1775 
# 2 1776 1 1861 
# 2 1778 1 1864 
# 2 1779 1 1867 
# 2 1781 1 1870 
# 1 1873 2 1782 
# 1 1876 2 1783 
# 1 1878 2 1784 
# 1 1879 2 1785 
# 2 1786 1 1882 
# 1 1888 2 1787 
# 1 1891 2 1788 
# 1 1895 2 1790 
# 1 1896 2 1791 
# 2 1792 1 1898 
# 2 1794 1 1900 
# 1 1903 2 1795 
# 1 1906 2 1796 
# 1 1907 2 1797 
# 2 1798 1 1909 
# 2 1799 1 1910 
# 1 1911 2 1801 
# 1 1912 2 1802 
# 1 1913 2 1803 
# 1 1914 2 1805 
# 1 1915 2 1806 
# 1 1916 2 1807 
# 2 1810 1 1917 
# 2 1812 1 1918 
# 1 1919 2 1813 
# 1 1920 2 1815 
# 1 1921 2 1816 
# 1 1923 2 1818 
# 1 1924 2 1819 
# 1 1926 2 1821 
# 1 1927 2 1822 
# 1 1929 2 1823 
# 2 1824 1 1930 
# 2 1828 1 1933 
# 2 1831 1 1934 
# 1 1935 2 1832 
# 1 1936 2 1833 
# 1 1937 2 1836 
# 1 1938 2 1837 
# 1 1939 2 1839 
# 2 1842 1 1942 
# 2 1844 1 1943 
# 2 1845 1 1944 
# 2 1847 1 1945 
# 2 1849 1 1946 
# 1 1947 2 1854 
# 2 1856 1 1948 
# 2 1857 1 1949 
# 1 1951 2 1858 
# 1 1952 2 1859 
# 1 1955 2 1862 
# 1 1957 2 1863 
# 1 1959 2 1865 
# 2 1867 1 1962 
# 2 1868 1 1965 
# 2 1869 1 1966 
# 1 1969 2 1870 
# 2 1872 1 1972 
# 2 1874 1 1978 
# 2 1875 1 1982 
# 2 1877 1 1995 
# 1 2001 2 1878 
# 1 2004 2 1879 
# 2 1880 1 2013 
# 1 2015 2 1881 
# 1 2019 2 1882 
# 2 1884 1 2027 
# 1 2035 2 1886 
# 1 2040 2 1887 
# 2 1888 1 2046 
# 2 1892 1 2051 
# 2 1893 1 2057 
# 2 1894 1 2058 
# 2 1896 1 2060 
# 2 1899 1 2061 
# 1 2063 2 1905 
# 1 2065 2 1907 
# 1 2066 2 1908 
# 1 2067 2 1909 
# 1 2068 2 1910 
# 1 2069 2 1911 
# 1 2070 2 1912 
# 1 2071 2 1913 
# 2 1914 1 2073 
# 1 2074 2 1916 
# 1 2075 2 1917 
# 1 2076 2 1919 
# 2 1920 1 2077 
# 2 1921 1 2078 
# 1 2079 2 1922 
# 1 2081 2 1923 
# 1 2082 2 1925 
# 1 2083 2 1926 
# 1 2084 2 1927 
# 1 2085 2 1929 
# 1 2086 2 1930 
# 1 2088 2 1932 
# 1 2089 2 1933 
# 1 2090 2 1934 
# 1 2091 2 1935 
# 2 1936 1 2092 
# 2 1937 1 2094 
# 1 2096 2 1938 
# 1 2097 2 1939 
# 1 2098 2 1941 
# 1 2099 2 1944 
# 1 2100 2 1945 
# 1 2101 2 1947 
# 1 2102 2 1949 
# 1 2103 2 1950 
# 1 2104 2 1951 
# 2 1953 1 2105 
# 2 1956 1 2106 
# 2 1957 1 2107 
# 2 1960 1 2108 
# 2 1961 1 2109 
# 2 1962 1 2110 
# 1 2111 2 1963 
# 1 2112 2 1964 
# 1 2113 2 1965 
# 1 2114 2 1966 
# 1 2115 2 1967 
# 2 1968 1 2116 
# 2 1969 1 2117 
# 2 1970 1 2118 
# 2 1971 1 2119 
# 2 1972 1 2120 
# 2 1974 1 2122 
# 2 1976 1 2123 
# 2 1977 1 2124 
# 1 2127 2 1980 
# 1 2129 2 1981 
# 1 2130 2 1982 
# 2 1986 1 2132 
# 2 1988 1 2135 
# 2 1990 1 2136 
# 2 1994 1 2137 
# 2 1995 1 2138 
# 2 1996 1 2139 
# 2 1997 1 2140 
# 2 1998 1 2141 
# 2 2002 1 2142 
# 1 2144 2 2004 
# 1 2145 2 2007 
# 1 2146 2 2008 
# 1 2147 2 2012 
# 1 2148 2 2013 
# 2 2018 1 2149 
# 2 2019 1 2150 
# 2 2024 1 2151 
# 1 2152 2 2029 
# 1 2153 2 2031 
# 2 2036 1 2154 
# 2 2037 1 2155 
# 2 2041 1 2156 
# 2 2046 1 2158 
# 1 2159 2 2049 
# 1 2160 2 2050 
# 1 2161 2 2054 
# 1 2162 2 2055 
# 1 2163 2 2059 
# 1 2164 2 2061 
# 1 2165 2 2063 
# 2 2066 1 2167 
# 2 2068 1 2168 
# 2 2070 1 2169 
# 2 2073 1 2170 
# 2 2075 1 2172 
# 2 2078 1 2173 
# 2 2081 1 2174 
# 1 2175 2 2082 
# 1 2176 2 2083 
# 1 2177 2 2085 
# 1 2178 2 2086 
# 1 2179 2 2088 
# 1 2180 2 2089 
# 1 2181 2 2090 
# 1 2182 2 2092 
# 1 2183 2 2093 
# 1 2184 2 2094 
# 1 2185 2 2095 
# 2 2096 1 2186 
# 2 2097 1 2187 
# 2 2099 1 2188 
# 2 2101 1 2189 
# 2 2103 1 2190 
# 1 2192 2 2104 
# 1 2193 2 2105 
# 1 2194 2 2106 
# 1 2195 2 2107 
# 1 2196 2 2108 
# 1 2197 2 2109 
# 2 2113 1 2199 
# 2 2114 1 2201 
# 2 2115 1 2202 
# 2 2116 1 2203 
# 2 2120 1 2204 
# 2 2121 1 2205 
# 2 2122 1 2206 
# 1 2209 2 2126 
# 1 2210 2 2127 
# 2 2128 1 2211 
# 2 2132 1 2213 
# 2 2133 1 2214 
# 2 2134 1 2215 
# 2 2135 1 2216 
# 2 2137 1 2217 
# 2 2138 1 2218 
# 2 2139 1 2219 
# 2 2140 1 2220 
# 1 2223 2 2143 
# 2 2144 1 2224 
# 2 2145 1 2226 
# 2 2146 1 2227 
# 2 2147 1 2228 
# 2 2148 1 2229 
# 2 2149 1 2230 
# 2 2150 1 2231 
# 2 2153 1 2232 
# 2 2154 1 2233 
# 2 2156 1 2235 
# 2 2157 1 2236 
# 2 2158 1 2237 
# 1 2239 2 2159 
# 1 2241 2 2163 
# 1 2242 2 2166 
# 1 2244 2 2169 
# 1 2245 2 2171 
# 1 2246 2 2173 
# 2 2178 1 2248 
# 2 2180 1 2249 
# 2 2183 1 2251 
# 2 2185 1 2252 
# 2 2187 1 2253 
# 1 2255 2 2190 
# 2 2192 1 2256 
# 1 2258 2 2197 
# 1 2259 2 2200 
# 1 2260 2 2203 
# 2 2209 1 2261 
# 2 2211 1 2262 
# 2 2214 1 2263 
# 2 2217 1 2264 
# 2 2218 1 2265 
# 2 2221 1 2268 
# 1 2269 2 2223 
# 2 2226 1 2270 
# 1 2271 2 2228 
# 1 2273 2 2233 
# 1 2274 2 2234 
# 1 2275 2 2238 
# 2 2240 1 2276 
# 2 2245 1 2278 
# 2 2247 1 2279 
# 2 2248 1 2280 
# 2 2249 1 2281 
# 2 2250 1 2282 
# 2 2251 1 2283 
# 2 2252 1 2284 
# 2 2253 1 2285 
# 2 2254 1 2286 
# 1 2287 2 2255 
# 1 2288 2 2260 
# 1 2289 2 2262 
# 1 2290 2 2264 
# 1 2291 2 2266 
# 1 2293 2 2269 
# 1 2294 2 2270 
# 1 2295 2 2271 
# 2 2272 1 2296 
# 2 2274 1 2297 
# 2 2275 1 2298 
# 2 2277 1 2301 
# 1 2304 2 2279 
# 1 2305 2 2281 
# 1 2306 2 2282 
# 1 2308 2 2283 
# 1 2309 2 2284 
# 1 2310 2 2286 
# 1 2311 2 2287 
# 2 2288 1 2312 
# 2 2289 1 2313 
# 2 2290 1 2314 
# 2 2291 1 2315 
# 2 2292 1 2316 
# 2 2293 1 2317 
# 2 2294 1 2318 
# 1 2319 2 2297 
# 1 2320 2 2298 
# 1 2322 2 2299 
# 1 2323 2 2300 
# 1 2324 2 2301 
# 1 2325 2 2302 
# 1 2326 2 2303 
# 2 2304 1 2327 
# 2 2305 1 2328 
# 2 2306 1 2329 
# 2 2307 1 2331 
# 2 2308 1 2332 
# 2 2309 1 2333 
# 2 2310 1 2334 
# 1 2335 2 2311 
# 1 2336 2 2312 
# 1 2337 2 2313 
# 1 2339 2 2314 
# 1 2343 2 2315 
# 1 2345 2 2318 
# 2 2320 1 2346 
# 2 2321 1 2347 
# 2 2324 1 2348 
# 2 2325 1 2349 
# 2 2328 1 2350 
# 1 2351 2 2329 
# 1 2352 2 2330 
# 1 2353 2 2331 
# 2 2336 1 2355 
# 2 2338 1 2356 
# 2 2339 1 2357 
# 2 2341 1 2358 
# 2 2342 1 2359 
# 2 2344 1 2360 
# 2 2345 1 2361 
# 2 2346 1 2362 
# 1 2363 2 2350 
# 2 2355 1 2364 
# 2 2357 1 2365 
# 2 2359 1 2366 
# 1 2367 2 2360 
# 1 2368 2 2362 
# 1 2369 2 2364 
# 1 2370 2 2365 
# 1 2371 2 2367 
# 2 2368 1 2372 
# 2 2371 1 2373 
# 2 2372 1 2374 
# 2 2373 1 2375 
# 2 2377 1 2377 
# 2 2379 1 2379 
# 2 2380 1 2380 
# 2 2381 1 2381 
# 2 2382 1 2382 
# 2 2384 1 2383 
# 2 2385 1 2384 
# 1 2385 2 2387 
# 1 2386 2 2390 
# 1 2387 2 2391 
# 1 2388 2 2392 
# 1 2389 2 2394 
# 1 2390 2 2398 
# 2 2400 1 2391 
# 2 2404 1 2392 
# 2 2405 1 2394 
# 2 2406 1 2395 
# 1 2399 2 2409 
# 1 2400 2 2410 
# 1 2401 2 2411 
# 1 2402 2 2412 
# 1 2403 2 2413 
# 2 2416 1 2406 
# 2 2417 1 2407 
# 2 2419 1 2408 
# 2 2420 1 2409 
# 2 2421 1 2410 
# 2 2422 1 2412 
# 1 2415 2 2423 
# 1 2416 2 2425 
# 1 2417 2 2427 
# 1 2419 2 2429 
# 1 2420 2 2430 
# 1 2421 2 2431 
# 2 2432 1 2422 
# 2 2433 1 2423 
# 2 2434 1 2425 
# 2 2437 1 2427 
# 2 2438 1 2428 
# 2 2439 1 2429 
# 2 2441 1 2430 
# 1 2432 2 2445 
# 2 2449 1 2433 
# 2 2450 1 2434 
# 2 2451 1 2435 
# 2 2452 1 2436 
# 2 2453 1 2438 
# 2 2454 1 2439 
# 2 2457 1 2440 
# 1 2442 2 2460 
# 1 2443 2 2462 
# 2 2464 1 2444 
# 2 2466 1 2445 
# 2 2467 1 2446 
# 1 2447 2 2468 
# 1 2448 2 2470 
# 1 2449 2 2471 
# 1 2450 2 2472 
# 1 2451 2 2473 
# 1 2452 2 2475 
# 1 2454 2 2476 
# 1 2455 2 2477 
# 1 2456 2 2478 
# 2 2481 1 2457 
# 2 2482 1 2458 
# 2 2484 1 2460 
# 2 2485 1 2461 
# 2 2486 1 2462 
# 1 2463 2 2488 
# 1 2465 2 2489 
# 1 2467 2 2490 
# 1 2468 2 2491 
# 1 2469 2 2492 
# 1 2470 2 2493 
# 1 2471 2 2495 
# 2 2496 1 2472 
# 2 2497 1 2473 
# 2 2498 1 2474 
# 2 2499 1 2475 
# 2 2500 1 2476 
# 2 2504 1 2477 
# 2 2505 1 2478 
# 1 2479 2 2506 
# 1 2480 2 2507 
# 1 2483 2 2508 
# 1 2484 2 2509 
# 1 2485 2 2510 
# 2 2512 1 2486 
# 2 2513 1 2487 
# 2 2514 1 2489 
# 2 2515 1 2490 
# 2 2516 1 2492 
# 2 2517 1 2493 
# 2 2518 1 2494 
# 1 2495 2 2519 
# 1 2496 2 2520 
# 1 2498 2 2521 
# 1 2499 2 2522 
# 1 2500 2 2523 
# 1 2501 2 2524 
# 1 2503 2 2525 
# 1 2504 2 2526 
# 2 2528 1 2507 
# 2 2530 1 2509 
# 2 2531 1 2510 
# 1 2511 2 2532 
# 1 2514 2 2533 
# 1 2515 2 2534 
# 1 2516 2 2535 
# 1 2518 2 2537 
# 1 2520 2 2538 
# 1 2521 2 2539 
# 2 2544 1 2529 
# 2 2545 1 2530 
# 2 2546 1 2531 
# 2 2547 1 2533 
# 2 2548 1 2536 
# 2 2549 1 2537 
# 2 2550 1 2541 
# 2 2551 1 2542 
# 1 2543 2 2552 
# 1 2545 2 2553 
# 1 2546 2 2554 
# 1 2548 2 2555 
# 1 2549 2 2556 
# 2 2557 1 2557 
# 2 2559 1 2558 
# 2 2560 1 2560 
# 2 2561 1 2561 
# 2 2562 1 2564 
# 2 2563 1 2565 
# 2 2564 1 2567 
# 2 2566 1 2570 
# 2 2568 1 2573 
# 1 2576 2 2569 
# 1 2577 2 2570 
# 1 2578 2 2571 
# 1 2581 2 2572 
# 1 2584 2 2573 
# 1 2585 2 2574 
# 1 2588 2 2575 
# 2 2576 1 2589 
# 2 2577 1 2590 
# 1 2591 2 2578 
# 1 2593 2 2579 
# 1 2594 2 2580 
# 2 2581 1 2597 
# 2 2582 1 2598 
# 2 2583 1 2599 
# 2 2584 1 2600 
# 2 2587 1 2602 
# 2 2588 1 2605 
# 1 2607 2 2589 
# 1 2608 2 2591 
# 2 2592 1 2610 
# 2 2593 1 2611 
# 2 2594 1 2612 
# 2 2595 1 2617 
# 1 2623 2 2598 
# 1 2627 2 2600 
# 1 2631 2 2601 
# 2 2602 1 2636 
# 1 2640 2 2605 
# 1 2643 2 2606 
# 1 2644 2 2607 
# 2 2608 1 2647 
# 2 2610 1 2650 
# 2 2611 1 2651 
# 2 2612 1 2653 
# 1 2655 2 2613 
# 1 2658 2 2614 
# 1 2660 2 2616 
# 1 2663 2 2617 
# 2 2618 1 2665 
# 2 2619 1 2666 
# 1 2671 2 2620 
# 1 2673 2 2623 
# 2 2624 1 2674 
# 2 2625 1 2676 
# 2 2626 1 2677 
# 2 2627 1 2680 
# 2 2628 1 2681 
# 2 2629 1 2684 
# 1 2687 2 2631 
# 1 2688 2 2632 
# 1 2689 2 2633 
# 1 2691 2 2634 
# 1 2692 2 2635 
# 1 2694 2 2637 
# 1 2699 2 2639 
# 2 2640 1 2701 
# 2 2642 1 2702 
# 1 2704 2 2643 
# 1 2707 2 2645 
# 1 2708 2 2646 
# 2 2647 1 2710 
# 2 2649 1 2714 
# 2 2650 1 2715 
# 2 2651 1 2716 
# 1 2719 2 2652 
# 1 2720 2 2653 
# 1 2721 2 2654 
# 1 2723 2 2655 
# 2 2656 1 2724 
# 2 2657 1 2725 
# 2 2658 1 2726 
# 2 2659 1 2727 
# 2 2660 1 2728 
# 2 2661 1 2729 
# 2 2663 1 2730 
# 2 2664 1 2731 
# 2 2665 1 2733 
# 2 2666 1 2734 
# 1 2735 2 2668 
# 1 2736 2 2669 
# 1 2737 2 2670 
# 1 2738 2 2671 
# 2 2673 1 2739 
# 2 2674 1 2741 
# 2 2675 1 2742 
# 2 2677 1 2743 
# 2 2680 1 2744 
# 2 2682 1 2745 
# 1 2746 2 2684 
# 1 2747 2 2686 
# 1 2748 2 2687 
# 2 2688 1 2749 
# 2 2690 1 2750 
# 1 2751 2 2691 
# 1 2753 2 2693 
# 1 2755 2 2698 
# 1 2756 2 2699 
# 1 2757 2 2701 
# 1 2758 2 2702 
# 1 2759 2 2703 
# 2 2704 1 2760 
# 2 2705 1 2761 
# 2 2707 1 2762 
# 2 2708 1 2764 
# 2 2709 1 2765 
# 2 2710 1 2766 
# 1 2767 2 2711 
# 1 2768 2 2712 
# 1 2770 2 2713 
# 1 2772 2 2714 
# 1 2774 2 2715 
# 1 2775 2 2716 
# 1 2776 2 2717 
# 1 2777 2 2718 
# 2 2720 1 2778 
# 2 2721 1 2779 
# 2 2722 1 2780 
# 2 2725 1 2781 
# 2 2726 1 2782 
# 1 2783 2 2727 
# 1 2784 2 2728 
# 1 2785 2 2729 
# 1 2786 2 2730 
# 1 2787 2 2731 
# 1 2788 2 2733 
# 1 2789 2 2734 
# 1 2791 2 2735 
# 2 2736 1 2792 
# 2 2737 1 2793 
# 2 2739 1 2794 
# 2 2742 1 2795 
# 2 2743 1 2797 
# 1 2800 2 2744 
# 1 2801 2 2745 
# 1 2802 2 2746 
# 1 2803 2 2747 
# 1 2804 2 2748 
# 1 2805 2 2749 
# 1 2806 2 2750 
# 1 2807 2 2751 
# 2 2752 1 2808 
# 2 2753 1 2809 
# 2 2756 1 2810 
# 2 2757 1 2811 
# 2 2758 1 2812 
# 2 2760 1 2813 
# 2 2761 1 2814 
# 1 2817 2 2763 
# 1 2819 2 2764 
# 1 2822 2 2766 
# 1 2824 2 2767 
# 2 2768 1 2826 
# 2 2771 1 2830 
# 1 2832 2 2772 
# 1 2834 2 2773 
# 1 2836 2 2775 
# 1 2837 2 2776 
# 1 2838 2 2777 
# 1 2840 2 2778 
# 1 2841 2 2779 
# 1 2842 2 2780 
# 1 2843 2 2781 
# 2 2782 1 2846 
# 1 2847 2 2783 
# 2 2785 1 2848 
# 2 2787 1 2850 
# 2 2788 1 2851 
# 1 2852 2 2791 
# 1 2853 2 2792 
# 1 2855 2 2793 
# 1 2856 2 2794 
# 1 2857 2 2797 
# 1 2858 2 2798 
# 2 2806 1 2860 
# 2 2807 1 2861 
# 2 2813 1 2862 
# 2 2816 1 2863 
# 1 2865 2 2820 
# 1 2866 2 2825 
# 1 2867 2 2826 
# 1 2868 2 2829 
# 1 2869 2 2831 
# 2 2832 1 2870 
# 2 2834 1 2871 
# 2 2835 1 2872 
# 2 2841 1 2873 
# 2 2843 1 2874 
# 1 2875 2 2845 
# 2 2850 1 2876 
# 2 2851 1 2877 
# 1 2879 2 2855 
# 1 2880 2 2858 
# 1 2881 2 2860 
# 1 2882 2 2863 
# 2 2864 1 2883 
# 2 2866 1 2884 
# 2 2867 1 2885 
# 2 2869 1 2886 
# 2 2871 1 2887 
# 2 2872 1 2888 
# 2 2873 1 2890 
# 2 2874 1 2892 
# 2 2875 1 2893 
# 2 2876 1 2894 
# 1 2897 2 2879 
# 2 2880 1 2898 
# 2 2881 1 2899 
# 2 2883 1 2902 
# 2 2887 1 2904 
# 2 2888 1 2906 
# 2 2889 1 2907 
# 2 2890 1 2909 
# 1 2911 2 2891 
# 1 2912 2 2892 
# 1 2914 2 2893 
# 1 2915 2 2894 
# 1 2916 2 2895 
# 2 2896 1 2917 
# 2 2897 1 2918 
# 2 2898 1 2920 
# 2 2899 1 2921 
# 2 2900 1 2925 
# 1 2928 2 2902 
# 1 2929 2 2903 
# 1 2931 2 2904 
# 1 2933 2 2905 
# 1 2934 2 2906 
# 1 2936 2 2907 
# 1 2938 2 2908 
# 2 2909 1 2940 
# 2 2910 1 2942 
# 1 2944 2 2911 
# 2 2913 1 2946 
# 2 2914 1 2948 
# 2 2915 1 2950 
# 2 2918 1 2954 
# 2 2920 1 2956 
# 2 2921 1 2957 
# 1 2959 2 2923 
# 1 2960 2 2924 
# 1 2961 2 2925 
# 1 2962 2 2926 
# 1 2963 2 2927 
# 2 2929 1 2964 
# 2 2930 1 2965 
# 2 2932 1 2968 
# 2 2933 1 2969 
# 2 2934 1 2972 
# 2 2935 1 2973 
# 2 2937 1 2974 
# 1 2975 2 2938 
# 1 2977 2 2939 
# 2 2944 1 2980 
# 2 2946 1 2982 
# 2 2949 1 2983 
# 2 2951 1 2985 
# 2 2952 1 2986 
# 2 2954 1 2988 
# 2 2958 1 2990 
# 2 2960 1 2991 
# 2 2961 1 2992 
# 1 2994 2 2965 
# 1 2995 2 2966 
# 1 2997 2 2967 
# 1 2998 2 2968 
# 1 2999 2 2969 
# 1 3000 2 2970 
# 2 2971 1 3002 
# 2 2972 1 3003 
# 2 2973 1 3004 
# 2 2975 1 3006 
# 1 3007 2 2977 
# 1 3008 2 2978 
# 1 3009 2 2980 
# 1 3010 2 2981 
# 1 3011 2 2983 
# 1 3012 2 2984 
# 1 3014 2 2985 
# 1 3015 2 2987 
# 1 3016 2 2988 
# 1 3017 2 2991 
# 2 2993 1 3018 
# 2 2994 1 3019 
# 2 2996 1 3021 
# 1 3026 2 3001 
# 1 3027 2 3002 
# 1 3028 2 3003 
# 1 3029 2 3004 
# 1 3030 2 3005 
