62.5314665139362	1	50698.09701197845	1122.5377057471578
71.03749417575192	1	51800.12848254162	1099.2248104618495
83.02116617580339	1	51143.460320658574	1103.9450266098745
103.53970547016692	1	47423.212135195296	1120.7341620709221
124.01466286969234	1	49705.91988677431	1086.5472975795603
141.0815276523464	1	51002.31956148382	1069.791381873007
146.0053008260964	1	50865.21207999999	1120.964254049131
156.05744844791909	1	50722.28816682181	1120.8450575087368
165.05908412399424	1	49789.399964831915	1104.8568300124653
187.07407319909393	1	49003.29207405254	1081.1717926048038
206.10242022865384	1	48337.08977257031	1088.1164910260081
207.10789010097164	1	5255.751026464696	1107.8202065500514
247.06362402476833	1	46550.299927431566	1103.2427548774635
248.06487370630242	1	5824.132625637185	1076.6977629109401
269.0332818623329	1	47708.43706297222	1103.2864715645583
270.0680014178648	1	5645.953116790765	1083.6159224400317
288.0694338495881	1	46577.29213579107	1097.325557905534
289.06951512549483	1	8065.590692387469	1086.5747468852376
333.5752152377707	1	23717.486276557785	869.9954079086014
334.0857638348035	1	5841.763159793275	869.7730722849824
342.07668490375954	1	23860.80946943641	853.0505291931119
342.58022087392993	1	7208.360868976985	870.4644351887189
354.0947381224781	1	22415.12846646257	879.938053920202
354.5882868263358	1	6620.704929146903	884.4266464769305
374.59638816968214	1	23837.180562952082	895.7244565397132
375.098129315943	1	6756.028831155512	855.3607104541655
666.1267761943791	1	26322.455969594124	879.4812234016714
667.108750655443	1	6142.006120168094	881.7663958585456
683.1658874743612	1	25740.40195644989	908.7724286290185
684.1524061624302	1	6527.2871455619015	895.992938405235
688.1174449061851	1	24063.122709153136	855.879142965767
698.1465002041107	1	24362.674138172802	858.9918691985206
699.1522203574034	1	5326.727707782587	882.2184313063382
707.1680723829472	1	27547.594979530964	862.5610913784908
708.1531317718453	1	6668.716474387986	859.7682689116956
729.1402541283821	1	23759.429250890345	892.4850470084288
730.1615550002664	1	5497.469995412062	870.6779188428525
748.1877529060985	1	21833.537143218306	895.8855696605958
749.2070762455975	1	7738.577066427011	848.5182271489934
1331.2821362502941	1	20396.780229866406	882.2087893656607
1332.2694003798229	1	7427.372228468666	872.6062906660039
1353.247950018066	1	19103.6994113594	904.70525781563
1354.2242557507802	1	8211.901703132853	882.8204031230532
1372.3121347316549	1	19070.30020476594	862.3026970672768
1373.316290787816	1	9118.215345976185	864.6995298966875
66.00518221741049	1	84252.64010545904	916.6147095906772
66.54016649191982	1	5728.153276836776	922.6213331907853
74.53188990551014	1	81946.70903228156	927.920890165205
86.53840022860787	1	81409.49659683404	949.5643960622216
87.04134626915564	1	5443.325859320776	919.5265215837304
107.0162165360413	1	79412.41602018321	920.9027344920382
107.53396805911997	1	8049.976828462769	892.6216256254261
131.0161273661943	1	85329.60540302515	937.6754758849753
148.03853432644908	1	81049.53298142034	908.0887377091266
153.0175498201617	1	83438.37281306194	894.8558814556181
163.08017733210608	1	82957.03310171158	949.8165895464795
164.03741382697748	1	5227.229595394187	928.3823996740539
172.05392549133782	1	81588.56696917179	944.9283695134486
173.06099052424108	1	6718.209191476176	943.0223754429737
194.038825548002	1	81130.38137593905	932.7932342629658
195.0424345771771	1	5946.0931553028095	889.9832277961797
213.06647928639606	1	77837.75612395367	909.610883625369
214.0955881086261	1	7353.13972687584	916.9146582881388
261.072394346257	1	79017.15456785129	903.7484156931517
262.0812873123309	1	9999.134359348922	900.1989533817359
283.03752632303326	1	78170.18087129129	902.3630363995356
284.0467854072634	1	8779.238911706934	908.0568249214996
302.0831816099095	1	76461.0942640806	918.6939673294843
303.09753764583013	1	8523.207614514547	914.6718339959585
90.02354348611598	1	154262.8482269979	893.5470607113889
90.51327653658822	1	10880.766944671132	929.4281097258605
98.56169479943783	1	154336.98740915465	922.8329178540479
99.0402234279754	1	10153.434022400515	922.4721374784327
110.54998370047628	1	149810.2336589152	910.3767212758039
111.05734371385073	1	12747.47968571987	919.6714956682401
131.03255574237485	1	146230.56321326114	887.1749489601145
131.54806600691447	1	15502.375953973264	914.405188327528
179.04568294482723	1	153295.6397638823	913.7732659962868
180.047686642178	1	10288.9315032074	915.1464799875799
196.08847647055802	1	153253.48450985804	900.3407750998426
197.08685606522894	1	11005.906595946384	911.0965016867506
201.0281919831698	1	153934.76769561003	886.4183831828257
202.03281052977306	1	8534.050459770155	933.9948023134558
211.05047183647443	1	151931.05260277187	922.6754194114386
212.08644639410906	1	12435.179476952202	907.355071967346
220.0973084351188	1	150713.52624189615	895.4823001815985
221.10183939613933	1	14657.055190440566	902.6512239201102
242.05805381252534	1	147985.36544572774	929.0465534361576
243.07242957129512	1	11992.95410414836	903.8438154056028
261.10080084763877	1	147035.55227048666	918.2658307334037
262.09782945003195	1	15212.535894263418	904.5642314145363
357.1129066311211	1	141452.17084526832	901.5920368514732
358.0909787753811	1	17126.55398294033	930.391302030421
379.0981014770217	1	141930.3902884646	907.2575496036796
380.0669982963106	1	18566.791955637676	920.1303427691763
398.11947749849776	1	137988.8120508833	876.4313901033261
399.1280182840303	1	20930.92052227827	901.2731568765773
102.56666635300462	1	65135.32573316761	1264.6980550369376
103.04362606415786	1	6776.201726683642	1266.9333691058384
111.08074603717333	1	66227.97792529117	1237.3879226695155
111.57521089269532	1	6430.6909450101975	1267.1544901316288
123.07341758572805	1	64101.54162054369	1266.9862053836632
123.55714628970094	1	6140.602382725351	1272.8941672234473
143.57788869879693	1	62373.80091500169	1250.2674044066598
144.08354150739413	1	7563.0438244599145	1261.2905121389822
204.1217217110566	1	64710.2207757903	1298.6469379813243
205.11709931836035	1	7346.791272030806	1271.6296142449849
221.17006028201016	1	65252.350006589884	1256.2247683440655
222.19011672811249	1	7216.6279465524085	1264.4518049799326
226.08433143916395	1	64621.91561714282	1259.4433181135607
227.1471098389525	1	5255.021576916249	1291.0220392741833
236.16327939460533	1	64675.470754718604	1267.930631328015
237.15325523044595	1	8008.294005899397	1270.7144936043767
245.13382316325945	1	63834.62051366907	1297.2358686106593
246.15021830743362	1	7879.3922303545105	1264.7721405042346
267.12245297361994	1	64307.817896530374	1275.8705401192972
268.13839360436606	1	7018.70384290181	1272.9512326331007
286.2173372646433	1	63382.851314682346	1292.3625337809267
287.1769310781503	1	9217.08255996325	1287.6214554967387
407.243882930606	1	58692.37193188894	1261.802713513229
408.2607497530093	1	11428.138763117355	1280.5148909458073
429.2253829017195	1	56187.42437095893	1271.3378380554009
430.2317731599874	1	12773.808050314201	1261.9915014701985
448.2663034536572	1	56988.28662393603	1260.091317110393
449.281716548868	1	12419.922800718436	1273.4095903093025
222.55589130160888	1	5169.901128006459	1620.2251939072876
234.53697518041406	1	5162.513726753091	1616.0369609920883
255.055985540745	1	5055.591617304624	1611.100941129315
362.6406143795997	1	96356.82660545652	353.1180349932305
363.68238294953125	1	8689.70972473606	357.6566603682198
363.1753343992746	1	29589.393079417317	354.41120918925685
371.17169868120476	1	96576.24993051225	367.47686875111094
372.1693605046206	1	10561.926378327824	360.3909580144656
371.6657355353456	1	28266.64257777345	362.9907046848845
383.1715449051413	1	95082.73676932168	367.7098743582771
384.1422305566653	1	9260.803958640001	345.7540457766494
383.6764997594139	1	29286.914141704987	368.6459947714122
403.6951573553933	1	93786.55253719637	359.75417981526925
404.6701980550848	1	7773.638044707265	382.4200992016505
404.1915273166528	1	31487.91526275793	365.34795895755474
724.3172563972175	1	97900.43204070817	367.7002688378307
726.3258600847658	1	6329.0586321343235	361.05450581513713
725.3150283440383	1	28771.279008454723	377.13213521740556
741.3551630795293	1	98027.42480047853	365.4832526781727
743.3254413805763	1	7769.725421633822	359.6586728690316
743.3466404690239	1	5285.084075445682	399.1227970179611
742.351081053011	1	27858.83007396797	356.94907326318116
746.3165999841958	1	98005.13339627077	352.4425979515446
748.2787812800497	1	8789.105353749757	347.58629665061517
747.2948077700072	1	5107.4219379610095	380.06311407812956
747.3012966327141	1	28207.305063381453	358.58585810999784
756.3332348828104	1	94883.7976434423	345.40466785341187
758.3240732879145	1	9618.49000580817	365.63477931179733
757.3141798608099	1	29738.89307770296	360.44337961357957
765.3373391823234	1	95708.40405677464	352.726602413976
767.3533345754074	1	7139.491708617071	357.2801655055121
766.3445838428449	1	30058.91761413965	353.8969231498046
787.3104388281909	1	94838.35935646594	374.50153486579705
789.3415244519311	1	8585.459617227882	354.79234332596485
788.3121047197184	1	31498.193117434566	354.52109851657724
806.3771156342439	1	93124.95968818992	385.7403931827832
808.3506956044853	1	9452.134628807697	370.65574637696466
807.3513776265564	1	5815.103468535997	349.20611624104663
807.3724758433034	1	29972.602147416674	388.2174706789218
1447.621654864881	1	60578.22441525877	352.3337436884275
1449.6193413253159	1	8859.561060202595	358.48294844795373
1449.6351136912228	1	10647.401819860206	355.73077666093633
1450.6233514392993	1	6387.504379388174	352.6096065160363
1448.6079180066963	1	5668.029557209642	362.9279539301565
1448.6232710084137	1	36090.16211796505	338.03015741002656
1469.5833585759021	1	61818.467384283555	354.0745623839334
1471.5897808837356	1	11521.68888797348	357.71415696110205
1471.601613654546	1	11112.33073731661	355.2150598920368
1472.6047332642129	1	6924.413873339551	376.05951977638983
1470.6110078369775	1	35552.78190848234	357.8461376761549
1488.6273663762165	1	59504.37829100247	352.7774353610952
1490.6363355872195	1	11327.812983367485	347.07273801892603
1490.6399498751755	1	10047.629845227892	359.5547952069678
1491.6786451570908	1	7386.017406485452	368.5708541876501
1489.6429991877942	1	37435.869798161286	373.254748298255
119.53701473406262	1	78605.66901565148	1246.5213872945153
120.05618343030079	1	6027.895571530389	1234.3760652140256
128.0734426176592	1	78342.3027760068	1254.1855113419824
128.56226742854784	1	6186.083055595561	1236.2706452137143
140.06136126464605	1	75818.16374783548	1222.454714027821
140.54379484751178	1	8241.229551302282	1241.6321246131097
160.5622148414609	1	73752.44326402216	1244.9790440073434
161.075617911366	1	9821.258721036933	1238.012877533922
238.10045915782365	1	76787.41778759408	1242.9481811481337
239.1053081652983	1	8123.344528964422	1233.0864650998349
255.0823613651745	1	79714.69801635541	1255.336296450784
256.1235494150433	1	7669.190914660979	1247.641904112057
260.0832263097549	1	79004.73561445705	1262.953565541852
261.0933293898981	1	7631.8017928466	1253.9561096036773
270.1267476748084	1	77874.09896551457	1227.7827297786127
271.1319548429048	1	9157.90297834174	1250.2954644713045
279.1158766871354	1	76376.30234553247	1257.0928320760304
280.1017489404057	1	9499.466270914429	1257.1855302746958
301.0804634405118	1	75542.41868213838	1242.2777004775269
302.1108353496693	1	8048.664645373043	1251.3477276682763
320.1189371819751	1	76269.28920651146	1251.9915399690728
321.1270964753293	1	10664.06760729713	1235.8070337326433
475.17089485754093	1	67957.23548803532	1241.3835644799576
476.18820888364746	1	13230.211516612755	1251.1725250447978
497.152421764179	1	69347.05425646609	1251.9714273750023
498.1624200105602	1	12276.727981309628	1254.5622082529544
516.2031452791133	1	66007.85171484553	1254.8556194839668
517.2281530290352	1	15519.70567659423	1250.6809972984893
373.56382653286965	1	23887.690622515463	1065.0427610137501
374.0421068584235	1	5241.903698888124	1071.1246499243487
382.0721646417721	1	26334.422619135596	1078.7962681460274
382.564660009309	1	7043.915906401528	1060.6200685819636
394.02036534057055	1	23040.200014544647	1063.1272301410859
394.5781189747387	1	5816.288051993252	1051.1546127304434
414.56100829117383	1	22724.283636789547	1055.7025246808723
415.06750802430105	1	8577.28694589624	1057.838132905231
746.0870240738006	1	24541.983676849773	1071.4304656188026
747.112708358517	1	5801.6235057046115	1054.7875389240173
763.1185940974806	1	23164.890150668813	1066.7528789455107
764.1335592697277	1	5900.88810312848	1075.6044346576512
768.0743545097486	1	23688.281206422897	1048.510339644466
769.1002077413156	1	5553.97312275952	1086.9495677465482
778.1236623942298	1	22227.205366394177	1078.8687039317124
787.1491097772015	1	24100.235481164793	1056.9939666369671
788.1045011582876	1	6099.917617947738	1061.231380628826
809.1119356954259	1	25106.902387466518	1072.1728720308095
810.1405593985809	1	6663.765292764019	1053.087254404293
828.1447536403236	1	22324.194874897177	1066.1814111537526
829.1483349488202	1	6677.502262757225	1055.0724734801004
1491.1727398351227	1	19599.95837096761	1056.053326709957
1492.1752171778292	1	6564.130809992279	1065.5758640781512
1513.1660833937997	1	19701.70328848183	1065.9238704339475
1514.1559537045086	1	8317.170910475363	1062.9485323820663
1532.1874510368905	1	18630.92304624135	1088.8294121146384
1533.2480388178292	1	9388.930255466423	1082.2399178449114
89.99087100430218	1	108307.60932645597	745.6810724964585
98.50538118553408	1	109563.10171025364	754.3836047770009
110.51271920229708	1	105953.51460712492	719.186521096427
131.0081683049817	1	103268.41566648668	735.1426539507473
178.9455948362917	1	109901.8036569444	748.5431034818894
195.9596796490843	1	108765.53012972757	766.8154261049519
200.93412158334684	1	110148.9950315151	767.6936088815903
210.97512447069982	1	107239.19242128676	777.4868859017935
219.97374669228756	1	106912.90808360788	772.3768469004149
241.96294271858443	1	107353.63005239874	728.2869033141387
260.98721659667035	1	101491.341064609	749.5167078530638
261.9735581550689	1	5064.8447422624695	761.0974422715025
356.8999014002993	1	106951.0851477785	761.1996062117237
378.8850279945592	1	108895.53702726407	762.8084805359229
397.91113029807127	1	104997.66703625453	762.1892171779251
154.5713252807086	1	37642.885566489174	725.1609494031067
163.05895143476795	1	37566.09485782759	734.1475947342147
175.06214860391262	1	38184.675790837915	697.1091458685988
175.54179768286969	1	6111.055354004709	729.8164487793268
195.58620881451162	1	35429.991203296755	676.2346712713758
196.0767282930042	1	5351.641104472344	717.2088215043647
308.09849467738337	1	37035.55839806336	700.8600857358398
325.1354942968428	1	37104.00268044751	727.9635620811896
330.07131061458614	1	38465.197262704416	684.69702318514
340.1110392595727	1	36524.27248773711	717.3343529354054
341.13265301277386	1	5822.102599709246	715.0433723044348
349.1485912001534	1	36614.679485996596	723.6366707031186
371.1016205456411	1	35838.6609269291	692.3693431440267
372.0941928433599	1	6217.761672694756	719.2990371945266
390.1153808147024	1	35998.10829354678	727.933002613147
391.137700782264	1	5558.930171714598	725.3088953030343
615.1525306501295	1	30476.31258058936	718.5420202713588
616.1839126247756	1	7070.952815539988	719.3090324465886
637.1467268828609	1	30386.29113444019	699.9903472629286
638.162919960186	1	5943.128041310014	715.2362465381933
656.1880877373424	1	30149.078328560438	704.5268865846707
657.1766131316947	1	6387.047031505999	719.5942423498852
51.51655181965119	1	77824.12575814106	1554.4675589418885
60.05684015257906	1	77591.4182480937	1527.5324240472928
72.03609676957286	1	77218.84136921806	1545.0336051267939
92.56699962491149	1	75630.21191000986	1568.004149309518
93.05120741216655	1	7280.979275862637	1553.4334816150538
102.05418707781392	1	79187.61061148159	1538.7444950522652
119.06285872795526	1	78355.61426197647	1544.630404309345
124.04532696131021	1	78970.24527590047	1572.9952765406663
134.08484160143996	1	75538.79142262937	1549.5173187451503
143.05566076426672	1	78567.97695756213	1549.5787299612832
165.08080251975218	1	78250.7804103277	1516.754372025469
184.10618604081944	1	74325.62380398577	1552.6471937412318
185.08758668505286	1	7927.240876898434	1555.5453126670923
203.10810802614327	1	75745.8096534424	1527.3473633501546
204.1280598484661	1	5361.572847884798	1569.283576717593
225.08173131289715	1	76072.97967231784	1580.7770775008628
226.1029140205283	1	8257.489757561321	1565.0057488693808
244.13987074121547	1	72705.3956126502	1547.8274068287274
245.13128765982475	1	7136.922402908825	1551.9239226874868
62.01412113299213	1	6167.426391361075	686.676958620827
70.54966106441559	1	6293.909518979012	681.5797084280437
82.54988840960348	1	5765.178946886001	680.7857938542595
103.04630790574821	1	6349.120834949063	703.3072315664389
123.02884370252073	1	5244.450129366557	678.620753398581
140.05053363366397	1	6429.059993882172	678.3466473433167
145.02271477392745	1	5644.652928598474	683.5458815774185
155.08811208107517	1	6801.6002700725185	678.4908031157753
164.07262124378238	1	5391.525907428999	675.119659282847
186.064271065621	1	6647.782297305035	693.7776676020997
245.07895204051005	1	6786.682547753189	684.941910579955
267.0888915269189	1	5778.498286950677	676.629522979835
286.10444991382695	1	6782.826867590655	672.3502342126149
104.54262383773967	1	74986.27091211395	825.6957365845876
105.53296354907646	1	8019.115391831345	810.3310732114862
105.07382798764169	1	5146.770080413811	809.5584503966718
113.05214771559713	1	73162.91185008948	822.8906624892885
114.07003605878583	1	7972.2628922021495	846.4834287546706
113.56954048690531	1	6716.0750068840125	844.5680017412503
125.05965509971234	1	72514.31764810592	833.3805910577017
126.05488334315126	1	5347.866052186229	826.7718941500439
125.54870860409956	1	8239.9486121343	828.1734437666512
145.5689161385292	1	71602.64531295835	810.0673805631511
146.57095677309988	1	5873.481289282684	802.2644838888008
146.10251735768944	1	7643.62084323351	808.8204093443301
208.08436727347308	1	74573.55890331471	827.9298390523454
210.08658137340498	1	5868.701288296009	812.2947955970593
209.09281312446836	1	6579.698035497576	818.4128552804511
225.12125196422073	1	73978.79725818988	823.8049459900664
227.1235694310781	1	6124.548067966586	819.4730477042245
226.12358674992382	1	6135.6423854123095	825.518955517599
230.04792691661612	1	75183.63881763183	831.193001704876
232.0778661174771	1	6930.041227752078	821.4305624679613
231.0818100064523	1	6607.054446185701	822.1739775327851
240.10662716070416	1	74387.64698793385	805.0281850687194
242.09652659926817	1	6497.113407273927	802.0385210486968
241.09397555816554	1	6259.426937987192	815.2316636062047
249.13729796309713	1	71551.37507098027	794.3311273692768
251.10120283674462	1	7963.4623299942605	796.1935997493018
250.10566727699876	1	8115.358078110725	789.5407765965242
271.08528900171103	1	71197.08089198617	811.5715760314307
273.0906705120592	1	6845.125741289327	810.30272041945
272.1062180813463	1	9399.23711917617	823.6879663635557
290.173039163952	1	70728.80725568635	807.5681624889249
292.15453732960833	1	5357.997797198976	809.6299084444789
291.1221554131155	1	10451.47552719913	818.6735915592034
415.14005422563974	1	58289.56098885789	813.9701841535605
417.15038355640723	1	12600.967882457258	816.6878122148473
416.1684313028657	1	10019.759370976179	804.490718330538
437.133265310272	1	59244.72014219694	790.0668182173425
439.1374454314242	1	12024.487809977683	823.6998972188218
438.13000704782496	1	9072.164239596334	809.9213434082587
456.1740608575149	1	58645.309005545	816.3062361613581
458.17074589216367	1	10969.662486958357	814.3386049605862
457.19346717643833	1	11346.871052285904	817.1032044194083
94.02488559880372	1	43778.82197947387	696.9363534659766
102.48461746269682	1	43226.497292056534	717.461443354949
114.52690031369548	1	43727.12044409069	692.022955093878
135.03569151787457	1	42760.76149781241	708.0993110481576
186.9798551725706	1	42967.2181660154	717.6227918389372
204.0561270425675	1	46165.35951788256	724.8270651154435
208.9830395186759	1	45443.9613278663	721.5052449736837
219.0570354145259	1	44093.88942617479	708.1191396973443
228.01560093304636	1	43681.793334171205	720.9391059722606
250.0105947747171	1	41751.96332236754	713.0474742930609
269.07657095579043	1	42076.18323477854	714.8262422635111
373.00306910513666	1	42331.317913066385	718.7865439695879
394.9611920325463	1	41946.6952735194	711.0290425505212
414.02428232655456	1	40965.9363268466	706.7799041525182
415.0472714960999	1	6238.903645714825	702.121247577061
88.0011664081782	1	47372.666185725095	1383.667134507494
96.52478413976527	1	47264.0953825683	1427.4139018535293
108.52873527275885	1	45971.763761432914	1408.9446192376774
129.0467061529271	1	45646.74344299779	1408.8118017830877
175.01910277871804	1	47464.958984652396	1400.5452999921727
192.04431875481677	1	45753.35542501058	1395.9962607386135
197.0082168905662	1	48550.69637338429	1428.146644192452
207.08360342688974	1	48001.28906591341	1393.9174051064124
216.03237503933147	1	44875.19017294891	1407.5447833582377
238.0225543682418	1	45792.39337621286	1389.1484966831265
257.1072796582752	1	44597.34706240018	1402.9050043884274
349.02543582156295	1	43221.366128829366	1411.583026707782
350.0468978165924	1	5429.77058757197	1433.995265712702
371.0505537473952	1	44085.358055154225	1385.534976055854
390.07362788795024	1	41753.915677660305	1402.9818327986166
391.06514279367974	1	7828.439390804685	1391.81820827771
135.0184032347219	1	55391.62259039062	1209.1682210473166
143.54951726997712	1	53828.43428239874	1194.4359573438246
144.5447018468599	1	5767.377444672906	1185.361077845822
144.0498569455467	1	5829.513477005969	1186.945615489258
155.51802399604054	1	54209.311170015804	1216.8012713276307
156.0485198300095	1	6572.855936934699	1200.0665014291617
176.09167345243097	1	52803.66217975297	1181.7712334041732
177.04391134008318	1	5056.951965686394	1215.1728124568297
176.5634728524044	1	5287.454188763361	1199.1977666725465
269.09060630721086	1	55535.267008598676	1208.4345629165587
286.0933430877982	1	52665.93371202599	1188.6827570265066
287.086054891383	1	5653.701771502275	1177.8837532592127
291.0544466965913	1	55435.12826784889	1176.5031299105306
293.06595808204895	1	5195.819342568424	1228.4720875542328
292.07211511904393	1	5170.9597178531285	1197.785163239921
301.08698236203253	1	54164.98521324071	1199.0330123264011
303.0716692077294	1	5295.956664617528	1205.907762991967
310.10506715201353	1	54411.24034836432	1193.503657585572
311.07260528337173	1	6096.683943785971	1175.2953447073212
332.08731628378035	1	52232.02049973182	1202.669501871484
333.08515468414544	1	6724.959187721136	1176.9102052784342
351.1160087312936	1	52295.48732949458	1208.0280913181725
537.1240407259924	1	44011.34914752547	1190.6028112104627
539.140908777592	1	7344.0178207457775	1188.0891413036957
538.1176754783386	1	8341.233348178475	1224.2583440682313
559.0993493036564	1	43309.07183588493	1165.4295354356354
561.0934087130682	1	7158.236587833403	1228.5600088883955
560.1028140048357	1	7687.445137652253	1195.9658361831055
578.1543422827966	1	44179.03350953536	1185.2878503626978
580.1141167765053	1	8878.972897632359	1188.3004024943177
579.1617502968545	1	7296.715521142058	1197.292677928658
121.03484028494752	1	121601.7196632846	703.4914243341887
122.03511160820075	1	13203.567955699371	738.2955875532144
121.51289734275895	1	8860.281295726027	730.4858518230824
129.53245678852392	1	122507.41602091948	752.1064712288304
130.50826608867666	1	11300.321476859302	738.6271431299479
130.04552722242514	1	9211.146736701256	710.9690778625333
141.51523912939646	1	120239.25066276525	711.378128022768
142.54831665291255	1	8687.122849277916	701.7637881630584
142.0406036206921	1	10463.697896060226	736.2226907329677
162.0280067918817	1	115064.91954753597	715.6803722544637
163.06211340251303	1	8732.60350746073	735.7139582524235
162.5389170313139	1	14256.16497560147	747.9909987046566
241.0316200226299	1	120777.45287693379	710.9215269045809
243.02625389920107	1	11499.796806563845	726.4220280470804
242.0356220643552	1	6424.00726894939	739.9574024155771
258.0737278247929	1	120966.32311097793	721.3421694077756
260.06496665221033	1	9257.780908760587	734.8790879277135
259.05202884086526	1	8020.783580531597	721.3567167642939
262.9971286776057	1	122808.49772719314	716.8650522526244
264.9892916127863	1	10467.572237439645	707.0470594064774
264.00734733401765	1	7138.369710094517	735.1366357398534
273.05455836573367	1	120353.25022888451	751.1246299487325
275.0593974469332	1	11838.642847088033	739.8337832950497
274.0555016139958	1	8511.165061530624	728.8075800816966
282.07451108222386	1	117981.06705480951	730.7429985089465
284.05932088469734	1	11411.076627411801	718.9624725853205
283.0513943885441	1	10146.423603318464	733.2065552033589
304.04349879445635	1	119579.44717424233	724.8933053973291
306.01496610373266	1	9666.197766908612	733.2887634695415
305.03263249879205	1	10284.215994146576	716.2172453538595
323.10343498326677	1	114986.45809984236	733.1129208463963
325.06936916188465	1	10950.132124497653	727.6771970322783
324.1020958455391	1	12283.215451013843	727.9904912582555
481.0297040367386	1	100970.69957538715	727.4800407075124
483.0529724832333	1	18567.36882835542	710.8502085543654
482.044150783087	1	12616.538245578879	739.2801442487987
503.0402556996049	1	101034.04124777985	713.2766851464728
505.0299442287249	1	17654.776737144737	724.2542169939592
504.0199228579516	1	12491.199660193277	726.5774361549778
522.1094660465475	1	99835.16730791893	711.2102418114032
524.0635405393233	1	19124.329464351846	744.5640216280541
523.0661155714942	1	16146.486132310562	719.4409214898346
52.031813192929334	1	23895.87455398528	1241.3012886724316
60.53956853269756	1	25089.370455121676	1247.0179833262196
72.54943534489323	1	24276.746383300975	1229.0930582793735
93.0423382222295	1	22481.493669765136	1220.1066113430006
103.07414272517153	1	26523.189946911014	1230.8152282792653
120.06449891760045	1	25933.9424793618	1227.4757329570632
125.01146905412838	1	24944.212952844147	1259.0396116206618
135.095970086285	1	25149.142796718304	1214.039362329536
144.08253651369	1	24368.381588232194	1217.953195505885
166.07141826232265	1	24269.070469068574	1240.3525755018363
185.09545979015198	1	22245.60146698874	1240.4825740382234
205.05987553960992	1	24265.70022781013	1233.1582248752914
227.0433248530599	1	24092.332650455104	1231.8842816098595
246.1074925752595	1	22304.62559916781	1234.918262402404
73.54568702811936	1	70430.85950203426	1125.889921853792
82.09120692811801	1	68647.76634903911	1124.3928406013504
82.61545255064132	1	5096.028410319902	1112.004313324793
94.0906848908963	1	67860.45002001645	1108.8755080949072
94.57962640891446	1	5911.347763305177	1097.1842681568808
114.5906330691817	1	66731.61869780843	1111.7477832796417
115.08484374616968	1	6573.670885458057	1117.7913263433143
146.1089572905994	1	69501.66857357096	1113.0341668697388
147.10347025186277	1	5736.699306081961	1121.5871329226386
163.1241753233039	1	66853.37606261302	1092.3740256186813
164.17537277124146	1	5996.005831976581	1124.14817704871
168.07196855703336	1	68512.9815327396	1125.2437310951036
178.1423152242941	1	67558.88298332201	1093.6904516481745
187.14777600496606	1	67116.13420208335	1111.5615278477276
188.143432053806	1	5759.245817269854	1121.4791688753016
209.1418529264889	1	68400.63567767716	1122.4844866108554
210.13763441488175	1	6247.787713699878	1113.4633592788855
228.15423281583512	1	66417.07944870502	1129.5664024845782
229.20008166051272	1	6951.526249444463	1116.0219757238115
291.22711078562406	1	62548.78728746823	1122.290900328343
292.2632685511519	1	7809.543858806515	1129.9755189035461
313.2155066310552	1	64365.735958730394	1136.931327099571
314.2154904447332	1	7589.862030828309	1128.1318938868849
332.2351947840787	1	62353.278170126854	1116.089342273668
333.2644735550362	1	10019.844097373238	1141.5964730607336
126.0319344742512	1	12863.181591514234	1115.839846442697
134.53520853927213	1	14680.753122792237	1114.2231654207264
146.54759253056596	1	16176.327825028397	1122.3082748699148
167.09698536187895	1	14639.879964376676	1131.5714137741786
251.08774645990903	1	14351.45866967857	1117.5881114082629
268.07369963038764	1	14977.316256649541	1111.4670581576656
273.06373389012697	1	13714.436751166544	1116.4425145914515
283.1015895081779	1	13038.219437720945	1093.9994689517257
292.11013166058945	1	14196.344839393438	1124.8996114656609
314.06006458257593	1	12030.27245050281	1113.979572820573
333.1359505731651	1	12890.540624041385	1109.7729239464597
501.11238736999144	1	11468.0968964506	1123.728967657465
523.0946183012745	1	11115.802311911044	1107.6757156186384
542.1339280205026	1	10965.152405026416	1112.2071527741018
88.99723737191071	1	238465.994777288	777.6627574560104
89.52381241815206	1	14962.960170257023	796.6053134598887
97.54029865782081	1	236306.76763646427	770.1520808412157
98.01115595460227	1	17180.467784811954	790.1876649986144
109.54175505407703	1	229808.85519646626	784.6432632755891
110.0259289864808	1	18871.42065251914	805.5768798120821
130.03817573931605	1	224887.4049404777	804.3326004882781
130.57380536592572	1	24839.00890874306	779.2814335202157
177.0478416268953	1	238944.3964766603	801.2857310715794
178.04048400982018	1	14148.817147172205	772.0043008698538
194.08994248695683	1	236012.3160340648	795.1966296881375
195.06132467307066	1	16180.124324894532	797.834818867127
199.04993345665574	1	235904.98146821884	774.8940623293545
200.0304362923156	1	17174.387340450354	808.2433841369256
209.09111936031653	1	233877.61892269697	787.1789057821925
210.0678387351123	1	17806.393712150166	776.8125846889959
218.04517347898815	1	231862.0620162465	779.3510803653588
219.0597818898488	1	19954.184079798408	769.9535401126545
240.06745690740772	1	231173.4026093335	783.8738996436235
241.03228444015022	1	19443.34512900533	790.0068248600254
259.10444741669085	1	225859.83117586595	771.9430476863162
260.1032900039568	1	25673.240105444675	786.1732840242843
353.06966907432	1	218354.57807478585	783.6429326167134
355.0856463950455	1	5124.5607844508695	804.5816530005459
354.08894744871515	1	29286.873692578247	772.3325855161455
375.0535557801813	1	218257.54353607228	776.7269877166252
377.0594197071268	1	5562.26148095081	786.1872095353086
376.07614915938564	1	29758.934043849113	776.0895544336684
394.09573250793073	1	213354.73300650553	801.9952479518317
395.0933622468409	1	33175.8851375759	766.3841245380306
82.52386622422613	1	154566.55486039657	635.5002896302532
83.51484378849463	1	6059.521109729311	624.331561602031
83.00386441833962	1	10125.765385481973	650.4869779315788
91.05016054186046	1	153008.73191654912	619.994932088788
92.02283026078857	1	6938.032400570489	647.0771515150356
91.53564361973463	1	10457.412762798627	631.1978370251707
103.03142608389624	1	149501.24677054532	632.2356113754921
104.02971428749527	1	8470.892184440854	642.4447676797668
103.53424162122462	1	13476.062656787737	633.4415756464498
123.52395807647491	1	147718.02914552926	648.4723826784011
124.04301758023527	1	15348.053338920326	639.9781262586432
164.06661625648292	1	153654.25357015544	645.9467165770333
166.0409100422734	1	7082.952238062541	652.4619399709177
165.0295816349971	1	9524.292366340562	631.8112148992531
181.07706695834065	1	153032.2875480026	643.5408907704063
183.04102935021112	1	7058.256474142972	626.1592305182846
182.04216314689836	1	7026.621395291952	625.1826171017593
186.01023903708872	1	154975.42413151672	634.9002826776972
188.0083934436454	1	6389.9899177063435	639.6669109324883
186.99647824729269	1	7736.436217815126	625.7490641373764
196.0937660562099	1	152587.39272136064	638.2248359120512
198.05530367922088	1	8802.662400697562	655.6122393028362
197.0536435340765	1	9038.171661780598	624.8033980703077
205.0789905756519	1	149858.85027148906	635.660875996763
207.0450050410974	1	6354.717636693661	633.7898386497538
206.07131280359152	1	12311.353338175557	643.2750617592893
227.05417648455708	1	153254.58507886677	643.5248543231505
229.04172083376957	1	6487.383012972114	643.7876930181451
228.04041318881016	1	12697.931683431729	637.6212710063335
246.10861867242153	1	146063.76326696304	621.4876838326275
248.05547941836335	1	7067.460600771676	625.6865258816931
247.10318778215853	1	14395.500706391764	622.1085429561053
327.053565251529	1	136531.24964773285	624.9424742488146
329.03972037022055	1	11822.758674491663	625.1152942877723
328.07046414887134	1	15956.83042559684	644.755863345506
349.0529155200553	1	139504.9020300847	633.0366271694556
351.0113524739498	1	13868.965608551014	629.438952239642
350.05190272974346	1	14740.819262321918	658.59252346874
368.10103198277585	1	134591.71555060052	649.443819310865
370.08697752854323	1	12023.185828454149	642.2323503868142
369.08900767281284	1	17923.467929434588	629.882384638811
85.52081662227691	1	40467.179435620725	981.0934457748546
94.06312693854444	1	41010.38606281083	1006.2146957855164
106.03799862461591	1	41691.71813454967	1002.8637048344552
106.54046561117514	1	5337.017829005452	996.7189081336388
126.54842141686397	1	38678.80779062453	1000.8056375471108
170.07632153508487	1	43094.4883472414	983.3120458139792
187.09049584434095	1	39568.601567202386	1007.3933665818291
192.07164492888575	1	42052.63405747111	1003.9846768580273
202.0994318963764	1	41393.16880931841	1004.6310304466019
211.07294337569522	1	40685.6148027847	1002.0487083642074
212.10421592249588	1	5844.275570999313	1013.2644229697312
233.1043535734083	1	40302.624298578405	998.3640365143689
234.100230341148	1	5342.654841040119	1016.4885698626233
252.16707473731373	1	39163.83313276034	991.1515655461944
339.13816322951726	1	37462.955155961776	986.7459434513132
361.0968123750824	1	38766.38941735564	1020.7718685405547
362.14117539105587	1	7096.818658719416	1015.8243674885554
380.1856582431414	1	37030.61126444785	1002.582211325392
381.16920273427604	1	7726.41725343539	993.770462380389
66.52130910246491	1	90291.63898115687	1152.6787927422822
75.04674332514247	1	89509.107518768	1156.5761596283971
87.07461025438838	1	87334.43092508503	1155.8301352997557
87.56807799081669	1	6609.460092853786	1149.791766884595
107.56825289605369	1	84036.39340152171	1130.5548378502058
108.03147137233842	1	8196.105587875994	1153.2611530848105
132.0733108980969	1	88957.07360471434	1156.569413123751
149.07758259087407	1	87681.43584433637	1165.040261613212
154.02993276578383	1	88396.0666249839	1143.1885730280499
155.01592673853108	1	5374.487959073309	1144.0355689796097
164.09358231557204	1	88089.5264749213	1122.536987206551
165.1160111934692	1	6905.940088030205	1137.2474859309787
173.07968268036336	1	86374.07603490833	1142.787249038915
174.10652110260017	1	7088.81765475836	1138.8598204543862
195.07776358665004	1	85265.94087700671	1160.2014091914405
196.10976967828347	1	7648.703830593589	1137.9906977896333
214.12735317230334	1	85318.55662448703	1137.349703761493
215.13416888464687	1	8181.907977766427	1150.372300325878
263.14290336131444	1	84244.83230346673	1114.5645856725769
264.14894680182385	1	8731.19563547558	1157.69251917164
285.09797547031997	1	82680.382820965	1153.3763479778934
286.0923202026962	1	9287.920105181613	1156.9829959644317
304.15288694596603	1	79241.37778885053	1160.6220366026907
305.17924638983004	1	9340.655366351917	1123.3866168442412
40.01239713184919	1	81382.30045752143	1170.4030866221551
48.526629195183595	1	80580.93525920522	1180.5556649907094
60.506547884553896	1	78536.22052790645	1178.4337928041805
81.01880478732151	1	76249.69330729639	1158.442153746209
79.00287617803117	1	80880.18869171303	1183.15139102911
96.03619001694379	1	79610.38900933611	1192.9710061543979
101.00618181145805	1	79873.53150649738	1189.7880187058183
111.03387435929763	1	79240.06295398287	1182.9388632033447
120.03749966696935	1	78403.460601724	1199.8273895659904
121.0437367592269	1	5238.0192763195355	1202.8628971538449
142.0430341121798	1	78457.1484037016	1165.3707790185913
161.0606513842368	1	79139.97606794133	1173.3640189316175
157.0457590790735	1	73711.12512023788	1164.4943635789805
159.03842033068946	1	6515.518599753229	1200.5935274401554
178.9933678691048	1	72364.98254745762	1152.0842908619961
181.0289438286934	1	6331.200433544933	1193.5501863838713
198.09288229132656	1	71482.15564197856	1209.3059222152906
200.07342656216747	1	7132.425017062851	1164.017874656277
214.54536922781506	1	115928.83763421711	1191.6835462333302
215.00212818026347	1	12498.658890163806	1177.555765480866
223.0578769621667	1	115805.91339431347	1180.4485636584652
223.55887730294444	1	11954.739260860315	1170.8632340765437
235.06829155930515	1	112818.2288867192	1199.9143596758547
235.54831800628716	1	14902.457753262488	1215.5005373379947
255.53478707403337	1	110880.28088676056	1184.9708458485866
256.05115878154163	1	15785.761154265061	1205.796926038068
427.9890994380655	1	117229.55044871317	1182.9315589096468
429.0394444867128	1	11158.113782537992	1187.0216257832499
445.0758299689272	1	113809.56473388331	1177.5282187537623
446.0538071863898	1	13354.291161249663	1196.7522788577362
450.01243278353707	1	117321.10598072526	1190.010394926213
451.03367115535	1	10539.22747035975	1196.0291363475008
460.0589541850982	1	114591.83774916462	1206.547086374509
461.08804423855815	1	14690.059800297779	1186.7714511996787
469.0675857093906	1	112665.50703586849	1190.4319070097556
470.04804277336683	1	14021.418748145208	1185.1864243232696
491.0478474932998	1	111506.6250333336	1193.0139124724801
492.04884359894334	1	14159.785509654634	1216.234054862563
510.09698033709975	1	108907.97972774222	1183.6761990404373
511.1004101951699	1	16265.97658074279	1178.2473920365849
855.0404347578317	1	96853.02864428083	1198.353254882928
857.0760677754085	1	6577.550827522514	1189.5328758236767
856.0916517164957	1	21973.409737247704	1195.5455079001679
877.0600903702434	1	99903.90314938512	1214.7763837157454
878.0314098895964	1	22215.80832958221	1193.9484395651411
896.114036618565	1	98157.75780876975	1167.4478240894612
897.09191027625	1	22372.02158582207	1197.9127342719512
131.0191933621281	1	67493.91918260379	1228.2014911839149
139.51567474810935	1	66273.60686718527	1223.5445559426196
140.06191316127618	1	6622.726814548789	1215.0621722736596
151.5200599829299	1	64191.2387949328	1215.1812162727083
172.0374772229549	1	64095.43481609395	1176.1474964135627
172.54154695885927	1	6894.411881405205	1191.3586001700212
261.03443312415885	1	66897.33949114765	1238.9094501850047
278.0791182816782	1	67858.6732555664	1220.7840152741328
282.9816385309544	1	66357.13274935463	1228.4541143162962
293.06413333734486	1	67183.12585106399	1233.1591274429964
294.04989964263245	1	5854.484917835904	1216.0759446416603
302.0990266103747	1	64497.393770876086	1231.454478407675
303.0419418777689	1	5103.260878410006	1181.0712630023975
324.0636905868723	1	65891.74734608748	1219.6295127328494
325.048533996157	1	5735.89709469643	1226.7048690892032
343.0549263098133	1	64643.62264106838	1218.6777018168136
344.0695626274854	1	6907.056351888985	1212.5825866782263
521.0758048684575	1	62670.74132075112	1244.4214148985736
522.0650948680819	1	9136.028266045261	1223.5080519098053
543.0726798413091	1	63128.0067993293	1208.295797242903
544.0724481142298	1	5782.4446987803785	1220.6773649451268
562.0810079616282	1	60415.90151793741	1254.7431906441925
563.101763864148	1	9847.183586340325	1197.3047613603962
74.54404458449767	1	30993.055462632696	1131.5182201528269
83.0199640037676	1	27963.38441333993	1115.9980914245925
95.03189661902817	1	27406.933405316682	1111.5549084985412
115.57795263484881	1	28314.928614157663	1097.7081449310692
148.0585779401053	1	29869.2606284069	1121.1597629572468
165.07892695144855	1	28243.64439296816	1123.3334746920425
170.06176070032487	1	31574.050948180047	1137.7667125735652
180.12725194142487	1	27617.319694392754	1125.7013916235092
189.06686563970905	1	28649.69801078271	1130.301431867073
211.07073953848152	1	28841.755614403985	1118.7159380382527
230.132578225203	1	27705.68926909432	1113.580122998108
295.1237793831918	1	26287.326780979434	1117.233566726004
317.1174028031278	1	27876.808280591093	1110.981204778949
336.11143253748855	1	27600.033138437466	1126.7061079710259
68.54003183224059	1	33714.06288160637	1194.1621091101397
77.04004667080788	1	34705.22130017836	1179.3938220130917
89.01928697643004	1	34144.682314795435	1189.2168146183217
109.56297248196624	1	33882.93577467968	1144.7137590118011
136.02992563935035	1	35944.70074734569	1190.9783421209415
153.04473138093311	1	35117.854061612314	1178.0264714331963
158.02862268407767	1	35643.731090064466	1185.0514902393084
168.08683221883706	1	35138.71849796686	1175.551550552285
177.08229346409095	1	34937.727267303766	1160.6406896419599
199.04080723693687	1	34814.710258278625	1194.731441362813
218.08191049608408	1	33653.26642738902	1169.6086410329674
271.06928959702805	1	32935.66093142408	1177.4758573416937
293.04361075838375	1	33759.87567073287	1177.073199149072
312.1244025677012	1	31595.288060531893	1186.0974357258367
95.52743076646236	1	48713.54010711881	1330.009993444265
104.07562794189813	1	47796.47532207859	1355.2800539732823
116.06337498446096	1	46310.14624813357	1341.6356307656995
136.56989690940992	1	45399.00992203613	1365.9531077559984
137.07550290286602	1	5233.08037455836	1352.5104418049389
190.06582752746183	1	46758.96007689765	1355.1568850201725
207.09439176294242	1	47630.5133234473	1363.4916545880506
212.05904717778694	1	47199.79397927642	1365.403326801922
213.0786857528144	1	5140.455802487585	1340.7851661825653
222.10732700046248	1	48397.42025938825	1339.5076617773002
231.0714672841389	1	46558.60106490714	1341.0840180030864
253.07925005970992	1	46068.64200782478	1352.9882666026338
272.12729129697544	1	45351.860133162816	1363.5722956205275
273.1201112388576	1	6132.572046193881	1363.350492640668
379.1327655550774	1	42391.57886791746	1346.4665697843807
380.1216953983966	1	7038.191283653532	1341.4801836930708
401.13754712941613	1	42966.38288909218	1379.9076417049748
402.1074048216307	1	6678.892919789603	1344.9774456892503
420.16473445576645	1	42501.81892753667	1351.0168874857618
421.1639297119903	1	7043.5928087416105	1341.8704396303629
307.04869496587764	1	103037.93864290685	1282.4280832232678
308.0692452931035	1	8515.312361009072	1285.3006515216914
307.58979713945587	1	24117.66543684194	1291.5336404848547
315.5673251889865	1	104065.98587980762	1331.8446239221512
316.6123280426488	1	7210.417450298126	1278.4528471775056
316.0826304388254	1	22583.180893932757	1310.68474446683
327.58090082444926	1	101902.17011423664	1301.787007019526
328.5706850123712	1	8793.110851332305	1319.8630753907355
328.09761099012474	1	23568.026845295182	1314.8595399033957
348.13493120618983	1	98653.32915074732	1271.4999194805537
349.0805900086792	1	9717.83861875282	1325.362617174319
348.63205772828917	1	25411.09396668151	1335.9991204462794
613.1588592456792	1	103976.29828291433	1320.1055501346018
615.177730570799	1	10011.211478012567	1314.5098971986827
614.1619861383386	1	20997.270340559924	1307.6440638403133
630.1883276875744	1	103732.99477162902	1326.7816378805906
632.1859229297369	1	10939.346385748398	1313.5048807300745
631.2164542105969	1	22092.0295997369	1313.6105136148258
635.1340890843579	1	106857.54680138303	1317.873338845883
637.141243984072	1	8847.019499263706	1323.1854973012069
636.1458246612705	1	22100.507957619113	1319.9542790710796
645.2138881366272	1	103442.13609040168	1297.5899868742208
647.1555464531884	1	8272.505622798619	1314.1895619246689
646.1726406310704	1	24733.22327315301	1300.5817749534751
654.1740324715973	1	100681.28722814728	1311.6013232382697
656.2057912028298	1	7237.114364003933	1303.7538378083252
655.1927830140332	1	25027.739106654142	1300.2019762891036
676.1698428391994	1	102980.2473008377	1316.8052300511356
678.1646686408369	1	9149.465500585455	1316.774763147934
677.1798051170782	1	24612.241286717068	1286.034435007446
695.20630510722	1	99852.03351584001	1307.728927398939
697.1980637419538	1	9194.755390292234	1327.681047915543
696.2082858701821	1	26226.111035620084	1307.9319885285952
1225.3049971919636	1	73098.35788668376	1301.0940015347942
1227.2999841815358	1	14421.719252805975	1285.8147463624273
1228.3025171800057	1	5487.604401981413	1282.2270519125136
1226.2835840005478	1	29755.11801739831	1307.4278868327854
1227.3182515851881	1	5494.941743231813	1318.139791291409
1227.3261807142403	1	5869.92324155704	1307.997406365479
1247.2956475729354	1	73117.2795192117	1279.388648820107
1249.2916229211755	1	13199.716815774258	1332.74596402486
1250.294220941554	1	6979.479664478912	1295.9078177505237
1248.2832020827761	1	32430.946900386534	1322.4561768689555
1249.2942015332853	1	6598.724946955046	1328.6016418927095
1266.33051389751	1	70923.57805521115	1304.746476889482
1268.3425052894117	1	12388.232240875497	1295.59994735598
1267.320332322272	1	33506.227643875216	1298.3333769036458
1268.355181356055	1	5408.011851521197	1307.3497437043611
78.02334733035502	1	102820.37695981302	720.4971198470334
79.0566254943365	1	10711.649391432567	680.8038481562445
86.51808000540838	1	102513.6761540874	668.3382684076684
87.53227496596173	1	8748.553204641245	681.2737895345374
87.02659294186027	1	5911.699630166507	701.3342586525586
98.50241306156839	1	100974.07637649766	693.896212445628
99.53939488717343	1	8038.019028076427	697.9924765381226
99.01916447458255	1	5486.268057872232	662.2607735877302
119.03192929110286	1	97977.29405347863	707.6226961580968
120.04627809795075	1	7000.9397465277925	687.2767912052506
119.5457886545647	1	8981.654888570256	720.5835289257426
155.02379640123027	1	100666.67499090004	692.8188844802893
157.03245478711207	1	8271.449843943634	697.8093985404315
172.03569547565235	1	102866.82055955082	669.4733951907132
174.01366014956858	1	8784.666937850803	668.3090016879862
176.99697809395718	1	104782.46414416036	659.2106544061203
178.99150046390633	1	9907.56506140196	681.6769598772667
177.9914959625971	1	5629.168632082299	703.9312063666869
187.0374925607069	1	103434.22854311611	653.7679004721139
189.045201555027	1	8448.122361537613	699.5038459388355
188.06236640941654	1	5551.071248910037	662.0091132156643
196.04787718834075	1	100505.48521507744	689.4771219128849
198.05946688971744	1	10019.32130482325	703.8967889623667
197.0539416235572	1	7900.783024274224	694.7579697396642
218.01589947790256	1	100992.89436881291	664.5339127818935
220.01086007720158	1	7990.90259260397	670.6160926041648
219.05644559534915	1	6061.617853613857	700.9220561988677
237.06028755779855	1	96724.92185266192	697.4311939819381
239.06299316613647	1	9491.774290106332	700.0470195215495
238.08657504876362	1	6845.881313817054	709.3696734992901
309.0552045087483	1	88957.20687108483	693.4606673446891
311.01732016151874	1	15576.72155466339	681.7510733779112
310.0367143602222	1	8207.761149442842	685.0294639037439
331.0257440720364	1	87011.2767562529	681.1744598908465
333.01529425276107	1	15812.560927613351	678.5723363465177
332.01719680203325	1	7065.721540220298	688.2816322231367
350.08158767672955	1	85994.95496073167	699.1463437781867
352.0554665913779	1	14222.1534185594	683.0254586881979
351.07121328509385	1	9191.390069459087	672.6035631936928
59.02499502612701	1	219705.77530551606	1186.4269802417791
59.51606603859772	1	12061.716224172837	1172.0639364836086
67.50725603875193	1	217981.38813035755	1173.1678412177425
68.05105303556982	1	9825.556669782281	1177.3209368968849
79.51162768819147	1	214800.98917513073	1174.565471597581
80.03395392479517	1	11930.41441033762	1151.800252032416
100.03136531199621	1	209173.575445464	1180.8472432856422
100.5233631016337	1	19779.70967612128	1173.3613094495554
117.02784928837424	1	219730.3576462376	1188.116510999874
118.00894721611705	1	9359.041182475257	1188.2247420261824
134.03694362723192	1	219236.7919779775	1169.7842158546323
135.01194571280558	1	11705.75498210248	1163.2844271659828
138.97922339182296	1	219865.38457141528	1192.4389779148441
139.99547670602908	1	10054.098681954467	1176.9094038322448
149.0447925281046	1	216572.614930507	1187.4379670678807
150.06385376531446	1	11939.734852551112	1194.847122658032
158.06469595825155	1	214378.09814492252	1180.1535793711744
159.03328154334613	1	15211.79817116347	1180.2496383583143
180.03749349884552	1	215102.28651552895	1172.5863559335728
181.0313510595167	1	12436.018046713565	1185.2334142513596
199.0894799155222	1	207807.05942947327	1185.6872821334707
200.09735737625329	1	17272.67473391317	1171.0312314714695
233.03347803653145	1	208874.72690984854	1181.6496175267616
235.0438842056118	1	5214.608276337038	1190.3239841505724
234.05003125741212	1	17242.098652937995	1199.10427880697
255.01328223317194	1	208963.16634466115	1169.7752131547352
256.0195649575658	1	18507.13890153426	1190.4111634161602
274.04161493075276	1	204097.8504156753	1174.2587362595327
275.0565813920246	1	23023.13519144931	1176.1900858743065
103.53324570807543	1	963801.7151955214	987.3239675341626
104.53634814758892	1	89049.35645956619	979.2120145615628
104.02119298270397	1	17461.581470381367	991.8598890286215
105.00742181949336	1	6741.534052943389	981.9509374107673
104.06801341023275	1	83741.35127312764	1001.4483307972124
112.05179177629127	1	957953.7006731702	991.6001498614237
113.02411121335153	1	86194.35081320962	987.7736856038731
112.54105394729432	1	14435.736673516649	986.2088806716681
112.55160173806317	1	81429.22730852394	1001.5437750193244
112.53839742919232	1	8191.410294781255	988.3760355207081
113.53420727317382	1	8520.372976716444	982.8210101953562
124.04123782961265	1	938107.7799504722	983.0140929198275
125.09452043268207	1	83913.4402330154	975.4881441874911
124.54444924902332	1	16058.197817518852	982.7527346659955
124.57876026279789	1	102362.89921218806	958.6386553731933
124.53895182773174	1	7010.548647394065	995.8867493274818
125.55362947374019	1	7944.651579807171	973.1954502734163
144.5598059769636	1	913452.311484187	973.4779827039993
145.56969674067668	1	82436.23075893421	1004.7864423164922
145.05856524988135	1	13990.22355762716	1004.0880863827673
145.04401643913803	1	117008.41916544295	982.5724505278897
145.5858619599527	1	6115.302086670811	991.0608423544332
146.08652581320516	1	12425.950494827302	963.7319340839173
145.10223123996673	1	10676.075353461514	982.5378922539314
206.05756653789834	1	960591.7171749907	956.218474677695
208.07417960126597	1	86972.33412513159	983.854602354046
207.05833664320335	1	15315.559330437336	970.865816490164
209.09694434810393	1	7314.6410184368615	989.1010225798219
207.06505430527022	1	83770.9988249469	993.661637028806
223.09905910302908	1	958108.8253496665	1001.1579226453673
225.10167173918666	1	85849.61843887759	986.2563956980695
224.10059678967048	1	15847.946014440682	999.8791563734533
224.0789055435851	1	82557.6600577941	991.6198343978848
224.0945695320509	1	7139.874908006134	964.7120845819405
226.08882825550964	1	8125.529601404491	967.6530052535963
228.02900326431222	1	963183.1675121181	979.1741577392569
230.0447358566202	1	86291.16769684726	988.0138886316778
229.03380763382228	1	16171.76126232032	997.4082445076805
231.05853030897237	1	8065.287770021354	969.722282861642
229.04602507895996	1	83410.10904476831	985.0519799556806
238.0599042638705	1	947735.2387287491	984.6638709987336
240.07540673407937	1	85927.12316502123	983.2374200288714
239.1006042878135	1	15554.751196689573	993.9827915840214
239.0805794841009	1	92135.17156976208	1010.6883118469623
241.09657205251193	1	7325.584697996346	986.9988505022458
247.08346565455886	1	937630.7239572708	964.4685744983742
249.10135834955034	1	84320.49763948069	990.6441454771616
248.1062356770018	1	15192.872739763383	983.7033677148371
248.1018269913354	1	100881.45629108824	1001.048155620481
249.10356519320806	1	5918.793955371408	983.846020301188
248.10085985194132	1	7639.852345621463	970.0370508159472
250.11698122443823	1	9578.6752119414	1002.3694985897391
269.06361523477335	1	939080.2787828954	964.2024807803708
271.0731271712016	1	86636.12493889405	985.0272481620046
270.06141376655495	1	15147.68645678621	964.467407274512
270.08395607073123	1	102739.93207499864	1007.0132562278051
270.0832408098784	1	5894.081749058551	982.331187749584
272.04174593668245	1	9580.685207922244	984.7107914638143
288.12786276041163	1	912539.1338789283	985.8039190959538
290.11070265244865	1	82898.44603692034	986.0156153214942
289.1183023365414	1	14377.93103109208	979.85087691926
289.1298316660477	1	119125.32559074703	973.6708805348204
290.12023711255887	1	7285.848358524177	975.0746636522549
291.12929264393034	1	11748.9299643733	985.1657010398125
289.1053348137064	1	10677.645954425794	1007.6337213341261
411.1179441775252	1	789584.7174836249	986.6896866388739
413.1021291064136	1	142457.31166530176	981.8708119546941
412.1168802641476	1	25414.702633712535	971.5507606522383
412.1063117458068	1	135551.71175023975	994.3084433205765
415.1166404997065	1	9564.063738350416	997.6184806453474
413.11575861397097	1	11574.67623127533	989.8831801594592
414.1204260193386	1	25243.470270125687	966.3762415140367
433.1047113474627	1	788708.0821698233	973.9925416990144
435.1248807727875	1	142973.29274576524	982.1112558624927
434.0982263105474	1	23688.471899450466	1002.5351442389194
434.1087357924206	1	136602.06091122972	967.1602946974758
437.08912041025525	1	9642.544917098801	992.3532163737968
435.1261091560271	1	9749.472572840607	983.6411990472693
434.0870733276314	1	5513.897865663973	1006.1145640551696
436.09309340970964	1	24137.322597402097	992.4340621644681
452.1399450150087	1	769295.4232332461	993.9065008074547
454.16158678083485	1	140124.72391103514	976.4583555165206
453.14648245498574	1	25717.29407229718	969.7872288750418
453.16889944359	1	148215.3887276303	996.6314744269747
456.13953783629876	1	9310.01052484712	994.9974792633267
454.1744818841642	1	14255.400870974441	992.3327379517427
453.14121283246993	1	8402.672868693271	987.8597735700189
455.1258754156327	1	25830.367654645856	1005.0467574339774
76.01398381458007	1	290751.1320352135	982.2546985543368
76.5404588632004	1	16466.648708532062	1008.724789053217
84.56377216138532	1	288451.3508654197	978.5837909500755
85.06134400620964	1	14953.652502421543	999.8767527321488
96.5491127868475	1	281846.79247284855	987.4322741060445
97.03864471629669	1	21924.86898110409	991.3875534636405
117.08021024170723	1	276935.25872391136	990.4297471084459
117.53674943094381	1	26038.327087944894	995.6214049691697
151.09662466520018	1	289680.92869869975	1003.1539147140562
152.06159266167643	1	15252.351697876682	990.6547979758241
168.08910903786045	1	287652.1090008518	1008.3664071648425
169.0966019432987	1	16480.940324403342	1025.8381095004272
173.05868123842114	1	289443.13706360944	991.4474132059311
174.06302038939336	1	15640.51099039476	993.0542399131725
183.10156172545373	1	285996.1956593876	992.997420877079
184.09410348210318	1	20238.41303278704	989.9895458656091
192.11243251730173	1	284699.1882508401	1018.9893040072642
193.10403627114655	1	22220.261367714487	991.7087888304003
214.0726263564683	1	283690.7351436546	1016.7482018337499
215.08156274911943	1	19871.232008647345	986.0506623734531
233.13039837820278	1	274343.7101830052	1025.0640630129178
234.09838310736163	1	27319.70493703689	1013.9597753877333
301.14328989172367	1	272815.3467571705	991.2163631409069
303.0997799822824	1	5284.408476178245	1001.9867696835923
302.1101768143615	1	29674.458297893503	1013.3461650130207
323.0930297352087	1	270458.8573208002	990.5124133936612
325.1020328827703	1	5572.507321024468	1007.2266199598668
324.09098894243925	1	28175.765899667695	1000.8339289236786
342.13884013168985	1	264322.6904982007	986.954198465791
344.1343496245294	1	5762.817486599991	984.7772791893206
343.13459483621693	1	34765.25097980645	988.1666103055799
91.03414882480371	1	12833.831173705546	1253.1966078826038
99.54930286689638	1	12214.056242882052	1248.6874067217423
111.54399218919743	1	12063.277087420296	1220.5202391945184
132.06760351949208	1	12810.711678650274	1248.8545379380953
181.07106244789895	1	13937.616974696048	1238.2137079710199
198.08900608984052	1	12832.698699208848	1234.037039771299
203.05145748667846	1	12711.724294569096	1238.6430209517412
213.0961415830934	1	13703.315748081694	1224.2464601465826
222.10612059096104	1	13358.356403681933	1235.0416755614772
244.07753611760114	1	13769.914928463997	1240.3739325249244
263.1425546894883	1	12490.569755785644	1250.739721369083
361.13250483501616	1	11397.088072733493	1268.4518997279501
383.11516476375965	1	12911.514636400165	1246.5420616526367
402.1382765011329	1	11184.51052794836	1246.4067688548337
50.02170493662578	1	103486.67778515801	1150.3377934637235
58.52060942751368	1	103140.86575930208	1126.6109520483872
70.4950045951711	1	101856.07219598471	1141.8146157345318
91.0265374892068	1	97503.83703697097	1142.9033145181543
98.98524540757998	1	104934.76511803613	1149.1317851872097
115.99091110777803	1	101041.01491942554	1176.6125344284396
120.95664005710478	1	102849.02470760097	1175.52419991111
131.01256273843785	1	101180.97467524164	1154.640304038133
140.00090556535457	1	100244.76785889037	1155.4654489217353
161.97999976835027	1	100776.71314454713	1158.724528343525
181.02576666062313	1	97800.94689631439	1155.3160752302304
196.97004063319045	1	103250.77460303494	1165.839144950361
218.93489457855475	1	103445.2913205466	1159.9605065616456
238.012123949966	1	100424.73219017054	1148.6664841666448
250.07781594591813	1	90327.73624380771	869.0693586436289
251.03454966942923	1	8026.437070207942	883.3919815691395
250.5682288198771	1	15317.426168711487	857.8604698234267
258.57343792343113	1	90342.03496896224	851.6746556522403
259.5802827238685	1	8793.135057514362	882.6966127595701
259.0812673372306	1	15822.19360816066	886.5704941803072
270.5843684193522	1	86369.19045755529	859.1217150820268
271.5702255803508	1	9355.781504166236	847.5159573267182
271.0596567051505	1	16861.033976643055	869.4990941864506
291.07633024279744	1	82850.73164109468	875.8675270302424
292.0895501142616	1	7364.661113047042	870.5213798690712
291.609651266341	1	18155.408894132823	863.2554295943071
499.0975558582577	1	89685.01490515514	894.537004993663
501.12195958902623	1	7975.172887896918	857.5919627534032
500.09668490244655	1	16721.483377518223	869.4137747666639
516.1180939517429	1	89676.785483008	857.4447797241877
518.1524110331032	1	7559.806424576336	875.2121196674043
517.1386679877223	1	15209.789968104758	861.4250946201664
521.0725045205867	1	89934.38417527806	863.0385539390849
523.088080801997	1	10903.376634047534	863.0454555784584
522.1018982610116	1	15465.049465053891	864.6628238678558
531.1450310920301	1	89386.01074370317	872.884526024644
533.1526801720568	1	8959.190559023933	875.9201568284385
532.1491724484769	1	16662.068788364657	848.1426959257747
540.1007997133921	1	86880.2140423482	864.0495828796313
542.1356390469059	1	9590.219933144726	885.5393057920861
541.1383884733207	1	18253.306153796566	885.9138778504026
562.1305789400294	1	86313.9106403636	857.8813655228533
564.1100642448912	1	5108.774755893473	864.2020907828423
563.1088227773326	1	17672.211457304762	848.9436964161908
581.17392947409	1	84962.92499040604	877.8342494129681
583.1592464277846	1	8244.052559509457	866.4118517949757
582.1880562926484	1	17405.800918593173	866.1099295852233
997.2378857160255	1	64175.01848825307	887.202776413766
999.2199958507996	1	12558.116209209938	885.05053485801
998.208383747196	1	21055.60732442676	882.8051499120902
1000.1933765765414	1	5445.156320886092	863.9700108014748
1019.2236451802949	1	65465.48737433566	878.7535070751153
1021.2044923897495	1	11657.520051654632	854.6045724821454
1020.2288890826445	1	19016.31034799978	859.7740520569487
1038.242897699722	1	61682.32184379859	879.8802756747276
1040.2420275253894	1	13161.996421210068	865.3809773259933
1039.2600691790976	1	23651.076217715734	856.4060329534778
61.5298138053433	1	125594.73900752988	1018.9463625726263
62.512332360988154	1	7010.614463746604	1023.544317877337
70.01979016890951	1	125030.76742723874	979.5517058231018
71.03993995712815	1	5682.8176942091	1029.1192918524314
82.03967945980673	1	123488.08560663916	1011.6031939498722
83.02026705155195	1	5877.55293175213	1008.4816767930027
82.52665266022146	1	6101.88947888751	1005.9880878201184
102.53093618865269	1	119474.05232568517	1014.0772065792954
103.05920790610949	1	9201.372032069288	1001.7330775355362
122.03957400423627	1	127294.15013817487	1011.7248045096834
124.02407486970489	1	5073.703678386292	1006.3348679909625
139.05855781837016	1	126991.79427325857	1013.3147169398751
141.0757061328626	1	7098.655945242939	1027.5054428163178
144.01773243781983	1	126251.1766347831	1019.1123205315635
146.02224346641134	1	5570.477931396179	1023.1779109187034
154.05228043274798	1	124340.16080152147	1024.372197580563
156.05109475692612	1	6019.881093476487	1002.1713074204819
163.05666902524655	1	124272.87502318404	1015.3440532101861
165.03023781169918	1	5248.429844029287	996.4320729737219
164.06631345533575	1	6478.7024664902365	992.4575344210575
185.03770114819963	1	121632.21999739418	1002.6101901910129
187.02358863350034	1	5540.844573639773	1004.0366613619548
186.06000386165988	1	7613.513503837383	986.6960334840228
204.09933477259426	1	120220.42006183414	989.9025500800676
205.06744189105305	1	8714.235575280241	1009.5308930638332
243.05041991664652	1	114770.51569232991	1029.670454989549
245.04596288284696	1	11099.43847833544	1000.3526099880904
244.05940220635878	1	6560.441966720503	1009.0646157511052
265.031597699564	1	116484.89786428055	974.5297803653892
267.0155806287093	1	10349.464992095733	1031.8165868560068
266.0531460457369	1	8305.826065117079	1002.4766913597098
284.07525056254354	1	111425.24040860323	1009.6193137626531
286.0453496336469	1	10546.280813933676	1011.1510531437028
285.0780596940016	1	9264.549372358086	997.0400485380851
